0.01	1	6.71E-01	6.82E-01	6.96E-01	7.93E-17	0	2.47E-02
0.02	1	6.71E-01	6.82E-01	6.96E-01	7.93E-17	0	2.47E-02
0.03	1	6.71E-01	6.82E-01	6.96E-01	7.93E-17	0	2.47E-02
0.04	1	6.71E-01	6.82E-01	6.96E-01	7.93E-17	0	2.47E-02
0.05	1	6.71E-01	6.82E-01	6.96E-01	7.93E-17	0	2.47E-02
0.06	1	7.44E-01	7.53E-01	7.93E-01	6.18E-17	0	4.16E-02
0.07	1	8.06E-01	8.13E-01	8.79E-01	4.94E-17	0	6.40E-02
0.08	1	8.59E-01	8.63E-01	9.54E-01	4.01E-17	0	9.23E-02
0.09	1	9.03E-01	9.04E-01	1.02E+00	3.30E-17	0	1.27E-01
0.1	1	9.39E-01	9.36E-01	1.08E+00	2.73E-17	0	1.67E-01
0.11	1	9.69E-01	9.62E-01	1.12E+00	2.30E-17	0	2.23E-01
0.12	1	9.93E-01	9.81E-01	1.16E+00	1.92E-17	0	2.71E-01
0.13	1	1.01E+00	9.94E-01	1.19E+00	1.60E-17	0	3.28E-01
0.14	1	1.02E+00	1.00E+00	1.22E+00	1.35E-17	0	3.93E-01
0.15	1	1.03E+00	1.01E+00	1.24E+00	1.12E-17	0	4.49E-01
0.16	1	1.04E+00	1.01E+00	1.25E+00	9.38E-18	0	5.30E-01
0.17	1	1.04E+00	1.00E+00	1.26E+00	7.77E-18	0	6.00E-01
0.18	1	1.04E+00	9.95E-01	1.26E+00	6.37E-18	0	6.76E-01
0.19	1	1.03E+00	9.85E-01	1.26E+00	5.16E-18	0	7.58E-01
0.2	1	1.02E+00	9.73E-01	1.26E+00	4.12E-18	0	8.27E-01
0.21	1	1.01E+00	9.59E-01	1.25E+00	3.17E-18	0	9.20E-01
0.22	1	1.00E+00	9.43E-01	1.23E+00	2.36E-18	0	9.97E-01
0.23	1	9.88E-01	9.26E-01	1.22E+00	1.63E-18	0	1.08E+00
0.24	1	9.73E-01	9.08E-01	1.20E+00	9.87E-19	0	1.16E+00
0.25	1	9.56E-01	8.89E-01	1.18E+00	4.48E-19	0	1.23E+00
0.26	1	9.40E-01	8.70E-01	1.16E+00	0	0	1.32E+00
0.27	1	9.21E-01	8.49E-01	1.14E+00	0	0	1.40E+00
0.28	1	9.03E-01	8.29E-01	1.11E+00	0	0	1.47E+00
0.29	1	8.83E-01	8.08E-01	1.09E+00	0	0	1.55E+00
0.3	1	8.63E-01	7.87E-01	1.06E+00	0	0	1.61E+00
0.31	1	8.44E-01	7.67E-01	1.04E+00	0	0	1.68E+00
0.32	1	8.23E-01	7.46E-01	1.01E+00	0	0	1.74E+00
0.33	1	8.03E-01	7.25E-01	9.81E-01	0	0	1.80E+00
0.34	1	7.83E-01	7.05E-01	9.54E-01	0	0	1.86E+00
0.35	1	7.62E-01	6.85E-01	9.26E-01	0	0	1.90E+00
0.36	1	7.43E-01	6.66E-01	9.00E-01	0	0	1.95E+00
0.37	1	7.23E-01	6.46E-01	8.73E-01	0	0	1.99E+00
0.38	1	7.04E-01	6.28E-01	8.47E-01	0	0	2.03E+00
0.39	1	6.85E-01	6.10E-01	8.22E-01	0	0	2.06E+00
0.4	1	6.66E-01	5.91E-01	7.95E-01	0	0	2.08E+00
0.41	1	6.52E-01	5.77E-01	7.75E-01	0	0	2.13E+00
0.42	1	6.36E-01	5.62E-01	7.53E-01	0	0	2.15E+00
0.43	1	6.18E-01	5.46E-01	7.30E-01	0	0	2.17E+00
0.44	1	5.99E-01	5.28E-01	7.05E-01	0	0	2.16E+00
0.45	1	5.80E-01	5.10E-01	6.80E-01	0	0	2.14E+00
0.46	1	5.69E-01	4.99E-01	6.64E-01	0	0	2.17E+00
0.47	1	5.55E-01	4.87E-01	6.47E-01	0	0	2.18E+00
0.48	1	5.40E-01	4.73E-01	6.27E-01	0	0	2.16E+00
0.49	1	5.24E-01	4.58E-01	6.06E-01	0	0	2.14E+00
0.5	1	5.06E-01	4.41E-01	5.84E-01	0	0	2.10E+00
0.51	1	4.98E-01	4.33E-01	5.73E-01	0	0	2.11E+00
0.52	1	4.87E-01	4.23E-01	5.59E-01	0	0	2.09E+00
0.53	1	4.74E-01	4.11E-01	5.43E-01	0	0	2.07E+00
0.54	1	4.60E-01	3.97E-01	5.25E-01	0	0	2.02E+00
0.55	1	4.43E-01	3.83E-01	5.05E-01	0	0	1.97E+00
0.56	1	4.38E-01	3.77E-01	4.99E-01	0	0	1.96E+00
0.57	1	4.29E-01	3.69E-01	4.89E-01	0	0	1.93E+00
0.58	1	4.18E-01	3.58E-01	4.76E-01	0	0	1.89E+00
0.59	1	4.05E-01	3.46E-01	4.60E-01	0	0	1.84E+00
0.6	1	3.89E-01	3.32E-01	4.42E-01	0	0	1.77E+00
0.61	1	3.86E-01	3.28E-01	4.39E-01	0	0	1.75E+00
0.62	1	3.79E-01	3.21E-01	4.31E-01	0	0	1.72E+00
0.63	1	3.69E-01	3.12E-01	4.19E-01	0	5.09E-21	1.67E+00
0.64	1	3.56E-01	3.00E-01	4.04E-01	0	1.16E-19	1.61E+00
0.65	1	3.41E-01	2.86E-01	3.87E-01	0	1.86E-19	1.53E+00
0.66	1	3.40E-01	2.85E-01	3.87E-01	0	5.92E-19	1.52E+00
0.67	1	3.34E-01	2.79E-01	3.80E-01	0	8.34E-19	1.48E+00
0.68	1	3.24E-01	2.70E-01	3.69E-01	0	9.57E-19	1.43E+00
0.69	1	3.11E-01	2.58E-01	3.54E-01	0	9.92E-19	1.36E+00
0.7	1	2.95E-01	2.44E-01	3.36E-01	0	9.67E-19	1.28E+00
0.71	1	2.96E-01	2.44E-01	3.38E-01	9.02E-20	1.53E-18	1.28E+00
0.72	1	2.91E-01	2.38E-01	3.33E-01	2.82E-19	1.79E-18	1.24E+00
0.73	1	2.80E-01	2.29E-01	3.22E-01	3.82E-19	1.84E-18	1.19E+00
0.74	1	2.66E-01	2.17E-01	3.06E-01	4.18E-19	1.76E-18	1.12E+00
0.75	1	2.49E-01	2.02E-01	2.86E-01	4.12E-19	1.60E-18	1.04E+00
0.76	1	2.52E-01	2.04E-01	2.91E-01	9.73E-19	2.46E-18	1.06E+00
0.77	1	2.47E-01	1.99E-01	2.86E-01	1.21E-18	2.75E-18	1.03E+00
0.78	1	2.36E-01	1.90E-01	2.73E-01	1.24E-18	2.69E-18	9.82E-01
0.79	1	2.20E-01	1.76E-01	2.55E-01	1.15E-18	2.42E-18	9.12E-01
0.8	1	2.01E-01	1.61E-01	2.33E-01	1.00E-18	2.07E-18	8.30E-01
0.81	1	2.08E-01	1.66E-01	2.42E-01	2.16E-18	3.62E-18	8.73E-01
0.82	1	2.04E-01	1.61E-01	2.37E-01	2.48E-18	3.97E-18	8.60E-01
0.83	1	1.91E-01	1.51E-01	2.22E-01	2.33E-18	3.65E-18	8.09E-01
0.84	1	1.72E-01	1.36E-01	2.01E-01	1.95E-18	3.03E-18	7.32E-01
0.85	1	1.50E-01	1.18E-01	1.75E-01	1.52E-18	2.34E-18	6.40E-01
0.86	1	1.66E-01	1.30E-01	1.95E-01	4.89E-18	6.32E-18	7.42E-01
0.87	1	1.62E-01	1.26E-01	1.90E-01	5.25E-18	6.65E-18	7.42E-01
0.88	1	1.46E-01	1.13E-01	1.71E-01	4.33E-18	5.44E-18	6.76E-01
0.89	1	1.23E-01	9.51E-02	1.44E-01	3.07E-18	3.85E-18	5.73E-01
0.9	1	9.75E-02	7.53E-02	1.15E-01	1.95E-18	2.43E-18	4.57E-01
0.91	1	1.03E-01	7.87E-02	1.21E-01	4.81E-18	5.45E-18	5.10E-01
0.92	1	8.81E-02	6.75E-02	1.04E-01	3.80E-18	4.27E-18	4.48E-01
0.93	1	6.58E-02	5.03E-02	7.76E-02	2.16E-18	2.41E-18	3.39E-01
0.94	1	3.04E-02	2.33E-02	3.59E-02	6.27E-19	7.00E-19	1.56E-01
0.95	1	1.22E-02	9.35E-03	1.44E-02	1.45E-19	1.62E-19	6.27E-02
0.96	1	4.01E-03	3.06E-03	4.73E-03	2.43E-20	2.72E-20	2.05E-02
0.97	1	9.51E-04	7.27E-04	1.12E-03	2.43E-21	2.72E-21	4.86E-03
0.98	1	1.25E-04	9.57E-05	1.48E-04	9.47E-23	1.06E-22	6.38E-04
0.99	1	3.91E-06	2.99E-06	4.62E-06	3.69E-25	4.13E-25	1.99E-05
							
0.01	4	1.35E+00	1.36E+00	1.40E+00	1.62E+00	0	1.58E+00
0.02	4	1.35E+00	1.36E+00	1.40E+00	1.62E+00	0	1.58E+00
0.03	4	1.35E+00	1.36E+00	1.40E+00	1.62E+00	0	1.58E+00
0.04	4	1.35E+00	1.36E+00	1.40E+00	1.62E+00	0	1.58E+00
0.05	4	1.35E+00	1.36E+00	1.40E+00	1.62E+00	0	1.58E+00
0.06	4	1.37E+00	1.38E+00	1.45E+00	1.68E+00	0	1.53E+00
0.07	4	1.39E+00	1.39E+00	1.49E+00	1.73E+00	0	1.50E+00
0.08	4	1.40E+00	1.39E+00	1.52E+00	1.77E+00	0	1.48E+00
0.09	4	1.40E+00	1.39E+00	1.54E+00	1.80E+00	0	1.48E+00
0.1	4	1.40E+00	1.39E+00	1.55E+00	1.82E+00	0	1.48E+00
0.11	4	1.40E+00	1.38E+00	1.56E+00	1.84E+00	0	1.49E+00
0.12	4	1.39E+00	1.36E+00	1.56E+00	1.84E+00	0	1.50E+00
0.13	4	1.37E+00	1.34E+00	1.56E+00	1.84E+00	0	1.51E+00
0.14	4	1.36E+00	1.32E+00	1.55E+00	1.84E+00	0	1.53E+00
0.15	4	1.34E+00	1.30E+00	1.54E+00	1.82E+00	0	1.55E+00
0.16	4	1.32E+00	1.27E+00	1.52E+00	1.81E+00	0	1.58E+00
0.17	4	1.29E+00	1.25E+00	1.50E+00	1.79E+00	0	1.59E+00
0.18	4	1.27E+00	1.22E+00	1.48E+00	1.77E+00	4.34E-20	1.62E+00
0.19	4	1.24E+00	1.19E+00	1.45E+00	1.74E+00	1.52E-19	1.64E+00
0.2	4	1.21E+00	1.16E+00	1.42E+00	1.70E+00	2.41E-19	1.66E+00
0.21	4	1.18E+00	1.13E+00	1.39E+00	1.68E+00	2.73E-19	1.68E+00
0.22	4	1.16E+00	1.09E+00	1.36E+00	1.64E+00	2.97E-19	1.70E+00
0.23	4	1.13E+00	1.06E+00	1.32E+00	1.60E+00	3.07E-19	1.72E+00
0.24	4	1.10E+00	1.03E+00	1.29E+00	1.56E+00	3.07E-19	1.73E+00
0.25	4	1.06E+00	9.98E-01	1.25E+00	1.52E+00	3.03E-19	1.74E+00
0.26	4	1.03E+00	9.67E-01	1.22E+00	1.48E+00	3.02E-19	1.75E+00
0.27	4	1.00E+00	9.36E-01	1.18E+00	1.44E+00	2.98E-19	1.76E+00
0.28	4	9.74E-01	9.05E-01	1.15E+00	1.39E+00	3.00E-19	1.77E+00
0.29	4	9.44E-01	8.75E-01	1.11E+00	1.35E+00	3.06E-19	1.77E+00
0.3	4	9.14E-01	8.44E-01	1.07E+00	1.30E+00	3.07E-19	1.76E+00
0.31	4	8.86E-01	8.16E-01	1.04E+00	1.26E+00	3.29E-19	1.77E+00
0.32	4	8.57E-01	7.87E-01	1.00E+00	1.21E+00	3.43E-19	1.76E+00
0.33	4	8.29E-01	7.60E-01	9.69E-01	1.17E+00	3.68E-19	1.75E+00
0.34	4	8.02E-01	7.33E-01	9.36E-01	1.12E+00	3.98E-19	1.74E+00
0.35	4	7.74E-01	7.06E-01	9.02E-01	1.07E+00	4.17E-19	1.72E+00
0.36	4	7.49E-01	6.82E-01	8.71E-01	1.03E+00	4.66E-19	1.71E+00
0.37	4	7.23E-01	6.57E-01	8.39E-01	9.89E-01	4.99E-19	1.69E+00
0.38	4	6.99E-01	6.33E-01	8.09E-01	9.46E-01	5.44E-19	1.67E+00
0.39	4	6.75E-01	6.11E-01	7.80E-01	9.04E-01	5.93E-19	1.65E+00
0.4	4	6.51E-01	5.88E-01	7.50E-01	8.59E-01	6.24E-19	1.62E+00
0.41	4	6.32E-01	5.69E-01	7.26E-01	8.29E-01	7.36E-19	1.60E+00
0.42	4	6.12E-01	5.49E-01	7.01E-01	7.93E-01	8.12E-19	1.58E+00
0.43	4	5.90E-01	5.29E-01	6.75E-01	7.52E-01	8.58E-19	1.55E+00
0.44	4	5.69E-01	5.09E-01	6.49E-01	7.09E-01	8.80E-19	1.51E+00
0.45	4	5.46E-01	4.88E-01	6.22E-01	6.63E-01	8.82E-19	1.47E+00
0.46	4	5.31E-01	4.73E-01	6.03E-01	6.37E-01	1.02E-18	1.44E+00
0.47	4	5.14E-01	4.57E-01	5.83E-01	6.05E-01	1.10E-18	1.41E+00
0.48	4	4.96E-01	4.40E-01	5.62E-01	5.70E-01	1.15E-18	1.37E+00
0.49	4	4.78E-01	4.23E-01	5.40E-01	5.33E-01	1.16E-18	1.33E+00
0.5	4	4.58E-01	4.05E-01	5.17E-01	4.94E-01	1.15E-18	1.29E+00
0.51	4	4.47E-01	3.93E-01	5.04E-01	4.72E-01	1.30E-18	1.26E+00
0.52	4	4.33E-01	3.80E-01	4.88E-01	4.46E-01	1.39E-18	1.22E+00
0.53	4	4.18E-01	3.66E-01	4.71E-01	4.17E-01	1.43E-18	1.18E+00
0.54	4	4.02E-01	3.52E-01	4.52E-01	3.86E-01	1.42E-18	1.14E+00
0.55	4	3.85E-01	3.36E-01	4.33E-01	3.54E-01	1.38E-18	1.09E+00
0.56	4	3.76E-01	3.27E-01	4.23E-01	3.37E-01	1.56E-18	1.06E+00
0.57	4	3.65E-01	3.16E-01	4.10E-01	3.16E-01	1.65E-18	1.02E+00
0.58	4	3.52E-01	3.05E-01	3.96E-01	2.93E-01	1.67E-18	9.82E-01
0.59	4	3.38E-01	2.92E-01	3.80E-01	2.68E-01	1.64E-18	9.39E-01
0.6	4	3.23E-01	2.78E-01	3.63E-01	2.42E-01	1.57E-18	8.92E-01
0.61	4	3.16E-01	2.71E-01	3.56E-01	2.30E-01	1.77E-18	8.64E-01
0.62	4	3.07E-01	2.62E-01	3.46E-01	2.14E-01	1.86E-18	8.31E-01
0.63	4	2.96E-01	2.52E-01	3.33E-01	1.96E-01	1.86E-18	7.93E-01
0.64	4	2.83E-01	2.40E-01	3.19E-01	1.77E-01	1.79E-18	7.52E-01
0.65	4	2.69E-01	2.27E-01	3.03E-01	1.57E-01	1.69E-18	7.08E-01
0.66	4	2.64E-01	2.22E-01	2.98E-01	1.49E-01	1.94E-18	6.85E-01
0.67	4	2.56E-01	2.15E-01	2.90E-01	1.37E-01	2.03E-18	6.56E-01
0.68	4	2.46E-01	2.05E-01	2.79E-01	1.24E-01	2.01E-18	6.22E-01
0.69	4	2.33E-01	1.95E-01	2.65E-01	1.10E-01	1.90E-18	5.85E-01
0.7	4	2.20E-01	1.83E-01	2.50E-01	9.57E-02	1.74E-18	5.45E-01
0.71	4	2.16E-01	1.79E-01	2.46E-01	9.08E-02	2.09E-18	5.28E-01
0.72	4	2.09E-01	1.73E-01	2.39E-01	8.29E-02	2.19E-18	5.04E-01
0.73	4	2.00E-01	1.64E-01	2.28E-01	7.34E-02	2.12E-18	4.74E-01
0.74	4	1.88E-01	1.54E-01	2.15E-01	6.34E-02	1.96E-18	4.41E-01
0.75	4	1.74E-01	1.42E-01	1.99E-01	5.35E-02	1.73E-18	4.05E-01
0.76	4	1.72E-01	1.40E-01	1.98E-01	5.13E-02	2.26E-18	3.95E-01
0.77	4	1.66E-01	1.34E-01	1.91E-01	4.62E-02	2.38E-18	3.76E-01
0.78	4	1.56E-01	1.26E-01	1.80E-01	3.98E-02	2.26E-18	3.51E-01
0.79	4	1.44E-01	1.16E-01	1.67E-01	3.31E-02	2.00E-18	3.21E-01
0.8	4	1.31E-01	1.05E-01	1.51E-01	2.65E-02	1.68E-18	2.88E-01
0.81	4	1.31E-01	1.05E-01	1.52E-01	2.64E-02	2.64E-18	2.86E-01
0.82	4	1.26E-01	9.99E-02	1.46E-01	2.34E-02	2.80E-18	2.72E-01
0.83	4	1.16E-01	9.18E-02	1.35E-01	1.93E-02	2.54E-18	2.49E-01
0.84	4	1.04E-01	8.17E-02	1.20E-01	1.49E-02	2.09E-18	2.21E-01
0.85	4	8.96E-02	7.06E-02	1.04E-01	1.10E-02	1.61E-18	1.91E-01
0.86	4	9.42E-02	7.37E-02	1.10E-01	1.24E-02	4.03E-18	1.99E-01
0.87	4	8.96E-02	6.98E-02	1.05E-01	1.07E-02	4.19E-18	1.88E-01
0.88	4	7.92E-02	6.15E-02	9.28E-02	7.98E-03	3.42E-18	1.65E-01
0.89	4	6.59E-02	5.11E-02	7.73E-02	5.36E-03	2.41E-18	1.37E-01
0.9	4	5.18E-02	4.01E-02	6.08E-02	3.27E-03	1.52E-18	1.08E-01
0.91	4	5.16E-02	3.97E-02	6.07E-02	3.28E-03	3.35E-18	1.06E-01
0.92	4	4.32E-02	3.32E-02	5.09E-02	2.18E-03	2.61E-18	8.81E-02
0.93	4	3.18E-02	2.43E-02	3.75E-02	1.15E-03	1.47E-18	6.45E-02
0.94	4	1.47E-02	1.13E-02	1.73E-02	3.34E-04	4.28E-19	2.98E-02
0.95	4	5.91E-03	4.52E-03	6.97E-03	7.76E-05	9.94E-20	1.19E-02
0.96	4	1.94E-03	1.48E-03	2.28E-03	1.30E-05	1.66E-20	3.91E-03
0.97	4	4.59E-04	3.52E-04	5.42E-04	1.30E-06	1.66E-21	9.25E-04
0.98	4	6.05E-05	4.63E-05	7.14E-05	5.05E-08	6.47E-23	1.22E-04
0.99	4	1.89E-06	1.45E-06	2.23E-06	1.97E-10	2.52E-25	3.79E-06
							
0.01	9	1.66E+00	1.67E+00	1.73E+00	1.94E+00	1.48E-17	2.22E+00
0.02	9	1.66E+00	1.67E+00	1.73E+00	1.94E+00	1.48E-17	2.22E+00
0.03	9	1.66E+00	1.67E+00	1.73E+00	1.94E+00	1.48E-17	2.22E+00
0.04	9	1.66E+00	1.67E+00	1.73E+00	1.94E+00	1.48E-17	2.22E+00
0.05	9	1.66E+00	1.67E+00	1.73E+00	1.94E+00	1.48E-17	2.22E+00
0.06	9	1.65E+00	1.65E+00	1.73E+00	1.96E+00	1.41E-17	2.12E+00
0.07	9	1.63E+00	1.63E+00	1.74E+00	1.98E+00	1.38E-17	2.03E+00
0.08	9	1.61E+00	1.60E+00	1.74E+00	1.99E+00	1.35E-17	1.97E+00
0.09	9	1.59E+00	1.58E+00	1.73E+00	1.99E+00	1.33E-17	1.93E+00
0.1	9	1.57E+00	1.55E+00	1.72E+00	1.99E+00	1.31E-17	1.89E+00
0.11	9	1.55E+00	1.52E+00	1.71E+00	1.99E+00	1.28E-17	1.87E+00
0.12	9	1.52E+00	1.49E+00	1.70E+00	1.97E+00	1.25E-17	1.85E+00
0.13	9	1.49E+00	1.46E+00	1.67E+00	1.95E+00	1.21E-17	1.83E+00
0.14	9	1.46E+00	1.42E+00	1.65E+00	1.93E+00	1.18E-17	1.82E+00
0.15	9	1.43E+00	1.39E+00	1.62E+00	1.89E+00	1.13E-17	1.81E+00
0.16	9	1.39E+00	1.35E+00	1.59E+00	1.87E+00	1.09E-17	1.80E+00
0.17	9	1.36E+00	1.31E+00	1.56E+00	1.83E+00	1.05E-17	1.80E+00
0.18	9	1.32E+00	1.27E+00	1.52E+00	1.79E+00	1.01E-17	1.79E+00
0.19	9	1.29E+00	1.23E+00	1.48E+00	1.76E+00	9.72E-18	1.78E+00
0.2	9	1.25E+00	1.19E+00	1.45E+00	1.71E+00	9.29E-18	1.77E+00
0.21	9	1.21E+00	1.16E+00	1.41E+00	1.67E+00	8.92E-18	1.77E+00
0.22	9	1.18E+00	1.12E+00	1.37E+00	1.63E+00	8.53E-18	1.76E+00
0.23	9	1.14E+00	1.08E+00	1.33E+00	1.58E+00	8.16E-18	1.75E+00
0.24	9	1.11E+00	1.04E+00	1.29E+00	1.53E+00	7.80E-18	1.74E+00
0.25	9	1.07E+00	1.01E+00	1.24E+00	1.48E+00	7.43E-18	1.72E+00
0.26	9	1.04E+00	9.70E-01	1.20E+00	1.44E+00	7.11E-18	1.71E+00
0.27	9	1.00E+00	9.34E-01	1.16E+00	1.39E+00	6.77E-18	1.70E+00
0.28	9	9.66E-01	9.00E-01	1.12E+00	1.34E+00	6.46E-18	1.68E+00
0.29	9	9.33E-01	8.67E-01	1.08E+00	1.29E+00	6.16E-18	1.66E+00
0.3	9	9.00E-01	8.33E-01	1.04E+00	1.24E+00	5.85E-18	1.64E+00
0.31	9	8.69E-01	8.02E-01	1.01E+00	1.20E+00	5.60E-18	1.62E+00
0.32	9	8.38E-01	7.72E-01	9.69E-01	1.15E+00	5.32E-18	1.59E+00
0.33	9	8.07E-01	7.42E-01	9.33E-01	1.10E+00	5.07E-18	1.57E+00
0.34	9	7.78E-01	7.14E-01	8.98E-01	1.05E+00	4.83E-18	1.54E+00
0.35	9	7.49E-01	6.85E-01	8.63E-01	1.00E+00	4.58E-18	1.51E+00
0.36	9	7.22E-01	6.59E-01	8.30E-01	9.62E-01	4.38E-18	1.48E+00
0.37	9	6.95E-01	6.33E-01	7.98E-01	9.16E-01	4.16E-18	1.45E+00
0.38	9	6.69E-01	6.08E-01	7.67E-01	8.73E-01	3.96E-18	1.42E+00
0.39	9	6.45E-01	5.85E-01	7.37E-01	8.31E-01	3.78E-18	1.39E+00
0.4	9	6.20E-01	5.61E-01	7.07E-01	7.87E-01	3.58E-18	1.35E+00
0.41	9	5.99E-01	5.41E-01	6.83E-01	7.56E-01	3.47E-18	1.32E+00
0.42	9	5.78E-01	5.21E-01	6.57E-01	7.20E-01	3.33E-18	1.29E+00
0.43	9	5.57E-01	5.00E-01	6.31E-01	6.81E-01	3.17E-18	1.25E+00
0.44	9	5.34E-01	4.79E-01	6.05E-01	6.39E-01	2.99E-18	1.21E+00
0.45	9	5.12E-01	4.58E-01	5.79E-01	5.97E-01	2.80E-18	1.17E+00
0.46	9	4.96E-01	4.43E-01	5.60E-01	5.70E-01	2.74E-18	1.14E+00
0.47	9	4.79E-01	4.26E-01	5.40E-01	5.40E-01	2.65E-18	1.10E+00
0.48	9	4.61E-01	4.10E-01	5.19E-01	5.07E-01	2.53E-18	1.06E+00
0.49	9	4.42E-01	3.92E-01	4.97E-01	4.72E-01	2.39E-18	1.02E+00
0.5	9	4.23E-01	3.75E-01	4.75E-01	4.37E-01	2.23E-18	9.82E-01
0.51	9	4.11E-01	3.62E-01	4.61E-01	4.16E-01	2.22E-18	9.51E-01
0.52	9	3.97E-01	3.49E-01	4.45E-01	3.91E-01	2.16E-18	9.16E-01
0.53	9	3.82E-01	3.35E-01	4.28E-01	3.64E-01	2.07E-18	8.79E-01
0.54	9	3.66E-01	3.21E-01	4.10E-01	3.36E-01	1.96E-18	8.40E-01
0.55	9	3.50E-01	3.05E-01	3.92E-01	3.08E-01	1.83E-18	8.00E-01
0.56	9	3.40E-01	2.96E-01	3.81E-01	2.91E-01	1.87E-18	7.71E-01
0.57	9	3.29E-01	2.85E-01	3.69E-01	2.72E-01	1.85E-18	7.39E-01
0.58	9	3.16E-01	2.74E-01	3.55E-01	2.51E-01	1.79E-18	7.05E-01
0.59	9	3.03E-01	2.61E-01	3.40E-01	2.29E-01	1.69E-18	6.69E-01
0.6	9	2.88E-01	2.48E-01	3.23E-01	2.07E-01	1.58E-18	6.32E-01
0.61	9	2.81E-01	2.41E-01	3.16E-01	1.95E-01	1.68E-18	6.07E-01
0.62	9	2.71E-01	2.32E-01	3.05E-01	1.81E-01	1.69E-18	5.78E-01
0.63	9	2.61E-01	2.22E-01	2.93E-01	1.65E-01	1.65E-18	5.48E-01
0.64	9	2.48E-01	2.11E-01	2.80E-01	1.49E-01	1.56E-18	5.16E-01
0.65	9	2.35E-01	1.99E-01	2.65E-01	1.32E-01	1.44E-18	4.84E-01
0.66	9	2.30E-01	1.93E-01	2.59E-01	1.24E-01	1.63E-18	4.63E-01
0.67	9	2.22E-01	1.86E-01	2.51E-01	1.14E-01	1.68E-18	4.40E-01
0.68	9	2.12E-01	1.77E-01	2.40E-01	1.03E-01	1.65E-18	4.14E-01
0.69	9	2.00E-01	1.67E-01	2.28E-01	9.08E-02	1.55E-18	3.87E-01
0.7	9	1.88E-01	1.56E-01	2.14E-01	7.89E-02	1.42E-18	3.58E-01
0.71	9	1.84E-01	1.52E-01	2.10E-01	7.44E-02	1.73E-18	3.43E-01
0.72	9	1.77E-01	1.46E-01	2.02E-01	6.76E-02	1.84E-18	3.24E-01
0.73	9	1.68E-01	1.38E-01	1.92E-01	5.97E-02	1.80E-18	3.03E-01
0.74	9	1.57E-01	1.29E-01	1.80E-01	5.14E-02	1.66E-18	2.80E-01
0.75	9	1.45E-01	1.19E-01	1.66E-01	4.32E-02	1.48E-18	2.55E-01
0.76	9	1.43E-01	1.16E-01	1.64E-01	4.11E-02	2.05E-18	2.45E-01
0.77	9	1.37E-01	1.10E-01	1.57E-01	3.69E-02	2.22E-18	2.31E-01
0.78	9	1.28E-01	1.03E-01	1.47E-01	3.17E-02	2.13E-18	2.13E-01
0.79	9	1.18E-01	9.45E-02	1.36E-01	2.62E-02	1.90E-18	1.93E-01
0.8	9	1.06E-01	8.50E-02	1.22E-01	2.10E-02	1.61E-18	1.73E-01
0.81	9	1.05E-01	8.38E-02	1.22E-01	2.07E-02	2.80E-18	1.67E-01
0.82	9	9.99E-02	7.93E-02	1.16E-01	1.82E-02	3.06E-18	1.56E-01
0.83	9	9.15E-02	7.24E-02	1.06E-01	1.49E-02	2.81E-18	1.41E-01
0.84	9	8.13E-02	6.42E-02	9.46E-02	1.15E-02	2.33E-18	1.24E-01
0.85	9	7.01E-02	5.52E-02	8.16E-02	8.47E-03	1.80E-18	1.06E-01
0.86	9	7.23E-02	5.65E-02	8.44E-02	9.35E-03	5.18E-18	1.06E-01
0.87	9	6.79E-02	5.29E-02	7.95E-02	8.01E-03	5.50E-18	9.81E-02
0.88	9	5.96E-02	4.63E-02	6.98E-02	5.96E-03	4.51E-18	8.49E-02
0.89	9	4.93E-02	3.82E-02	5.79E-02	3.99E-03	3.20E-18	6.96E-02
0.9	9	3.87E-02	2.99E-02	4.54E-02	2.43E-03	2.02E-18	5.41E-02
0.91	9	3.76E-02	2.90E-02	4.43E-02	2.38E-03	4.84E-18	5.07E-02
0.92	9	3.12E-02	2.39E-02	3.67E-02	1.58E-03	3.81E-18	4.11E-02
0.93	9	2.28E-02	1.74E-02	2.68E-02	8.28E-04	2.16E-18	2.96E-02
0.94	9	1.05E-02	8.06E-03	1.24E-02	2.41E-04	6.27E-19	1.37E-02
0.95	9	4.23E-03	3.24E-03	4.99E-03	5.59E-05	1.46E-19	5.47E-03
0.96	9	1.39E-03	1.06E-03	1.64E-03	9.35E-06	2.44E-20	1.79E-03
0.97	9	3.29E-04	2.52E-04	3.88E-04	9.34E-07	2.44E-21	4.24E-04
0.98	9	4.33E-05	3.32E-05	5.11E-05	3.64E-08	9.48E-23	5.57E-05
0.99	9	1.35E-06	1.04E-06	1.60E-06	1.42E-10	3.70E-25	1.74E-06
							
0.01	25	1.98E+00	1.98E+00	2.05E+00	2.27E+00	3.66E+00	2.82E+00
0.02	25	1.98E+00	1.98E+00	2.05E+00	2.27E+00	3.66E+00	2.82E+00
0.03	25	1.98E+00	1.98E+00	2.05E+00	2.27E+00	3.66E+00	2.82E+00
0.04	25	1.98E+00	1.98E+00	2.05E+00	2.27E+00	3.66E+00	2.82E+00
0.05	25	1.98E+00	1.98E+00	2.05E+00	2.27E+00	3.66E+00	2.82E+00
0.06	25	1.92E+00	1.92E+00	2.01E+00	2.25E+00	3.47E+00	2.64E+00
0.07	25	1.87E+00	1.86E+00	1.98E+00	2.22E+00	3.29E+00	2.50E+00
0.08	25	1.82E+00	1.80E+00	1.95E+00	2.20E+00	3.11E+00	2.38E+00
0.09	25	1.77E+00	1.75E+00	1.91E+00	2.17E+00	2.94E+00	2.29E+00
0.1	25	1.72E+00	1.70E+00	1.88E+00	2.14E+00	2.78E+00	2.21E+00
0.11	25	1.68E+00	1.65E+00	1.84E+00	2.11E+00	2.63E+00	2.15E+00
0.12	25	1.63E+00	1.60E+00	1.80E+00	2.07E+00	2.47E+00	2.09E+00
0.13	25	1.58E+00	1.55E+00	1.76E+00	2.03E+00	2.33E+00	2.04E+00
0.14	25	1.54E+00	1.50E+00	1.72E+00	1.99E+00	2.19E+00	2.00E+00
0.15	25	1.49E+00	1.45E+00	1.68E+00	1.94E+00	2.05E+00	1.95E+00
0.16	25	1.44E+00	1.40E+00	1.63E+00	1.90E+00	1.93E+00	1.92E+00
0.17	25	1.40E+00	1.35E+00	1.59E+00	1.85E+00	1.81E+00	1.88E+00
0.18	25	1.35E+00	1.30E+00	1.54E+00	1.80E+00	1.69E+00	1.85E+00
0.19	25	1.31E+00	1.25E+00	1.49E+00	1.75E+00	1.58E+00	1.81E+00
0.2	25	1.26E+00	1.21E+00	1.45E+00	1.69E+00	1.48E+00	1.78E+00
0.21	25	1.22E+00	1.16E+00	1.40E+00	1.64E+00	1.38E+00	1.75E+00
0.22	25	1.18E+00	1.12E+00	1.35E+00	1.59E+00	1.29E+00	1.71E+00
0.23	25	1.14E+00	1.07E+00	1.31E+00	1.53E+00	1.20E+00	1.68E+00
0.24	25	1.09E+00	1.03E+00	1.26E+00	1.48E+00	1.12E+00	1.65E+00
0.25	25	1.05E+00	9.91E-01	1.21E+00	1.42E+00	1.04E+00	1.62E+00
0.26	25	1.01E+00	9.52E-01	1.17E+00	1.37E+00	9.65E-01	1.58E+00
0.27	25	9.76E-01	9.13E-01	1.12E+00	1.32E+00	8.95E-01	1.55E+00
0.28	25	9.39E-01	8.76E-01	1.08E+00	1.27E+00	8.31E-01	1.51E+00
0.29	25	9.03E-01	8.40E-01	1.04E+00	1.22E+00	7.71E-01	1.48E+00
0.3	25	8.68E-01	8.05E-01	9.97E-01	1.16E+00	7.14E-01	1.44E+00
0.31	25	8.35E-01	7.72E-01	9.58E-01	1.12E+00	6.62E-01	1.41E+00
0.32	25	8.02E-01	7.40E-01	9.19E-01	1.06E+00	6.12E-01	1.37E+00
0.33	25	7.70E-01	7.09E-01	8.82E-01	1.02E+00	5.67E-01	1.34E+00
0.34	25	7.40E-01	6.79E-01	8.46E-01	9.70E-01	5.24E-01	1.30E+00
0.35	25	7.09E-01	6.50E-01	8.10E-01	9.20E-01	4.84E-01	1.26E+00
0.36	25	6.82E-01	6.23E-01	7.77E-01	8.78E-01	4.48E-01	1.22E+00
0.37	25	6.54E-01	5.97E-01	7.45E-01	8.33E-01	4.13E-01	1.19E+00
0.38	25	6.28E-01	5.71E-01	7.13E-01	7.91E-01	3.82E-01	1.15E+00
0.39	25	6.03E-01	5.47E-01	6.84E-01	7.50E-01	3.53E-01	1.11E+00
0.4	25	5.78E-01	5.23E-01	6.54E-01	7.07E-01	3.25E-01	1.07E+00
0.41	25	5.57E-01	5.03E-01	6.30E-01	6.76E-01	3.02E-01	1.04E+00
0.42	25	5.35E-01	4.83E-01	6.04E-01	6.41E-01	2.79E-01	1.00E+00
0.43	25	5.14E-01	4.62E-01	5.79E-01	6.04E-01	2.58E-01	9.64E-01
0.44	25	4.92E-01	4.42E-01	5.54E-01	5.65E-01	2.36E-01	9.26E-01
0.45	25	4.70E-01	4.21E-01	5.28E-01	5.26E-01	2.16E-01	8.87E-01
0.46	25	4.53E-01	4.05E-01	5.09E-01	5.00E-01	2.01E-01	8.55E-01
0.47	25	4.36E-01	3.89E-01	4.90E-01	4.72E-01	1.87E-01	8.21E-01
0.48	25	4.19E-01	3.72E-01	4.69E-01	4.41E-01	1.72E-01	7.86E-01
0.49	25	4.01E-01	3.55E-01	4.49E-01	4.10E-01	1.57E-01	7.50E-01
0.5	25	3.82E-01	3.38E-01	4.28E-01	3.78E-01	1.43E-01	7.14E-01
0.51	25	3.70E-01	3.26E-01	4.14E-01	3.58E-01	1.34E-01	6.85E-01
0.52	25	3.56E-01	3.13E-01	3.98E-01	3.35E-01	1.24E-01	6.54E-01
0.53	25	3.41E-01	2.99E-01	3.82E-01	3.11E-01	1.14E-01	6.22E-01
0.54	25	3.26E-01	2.86E-01	3.65E-01	2.86E-01	1.04E-01	5.91E-01
0.55	25	3.11E-01	2.71E-01	3.48E-01	2.61E-01	9.47E-02	5.59E-01
0.56	25	3.01E-01	2.62E-01	3.37E-01	2.46E-01	8.89E-02	5.33E-01
0.57	25	2.90E-01	2.51E-01	3.25E-01	2.29E-01	8.25E-02	5.06E-01
0.58	25	2.78E-01	2.40E-01	3.11E-01	2.10E-01	7.57E-02	4.79E-01
0.59	25	2.65E-01	2.28E-01	2.97E-01	1.91E-01	6.88E-02	4.52E-01
0.6	25	2.52E-01	2.16E-01	2.82E-01	1.73E-01	6.19E-02	4.24E-01
0.61	25	2.44E-01	2.09E-01	2.74E-01	1.62E-01	5.84E-02	4.03E-01
0.62	25	2.35E-01	2.00E-01	2.64E-01	1.49E-01	5.42E-02	3.81E-01
0.63	25	2.24E-01	1.91E-01	2.53E-01	1.36E-01	4.95E-02	3.58E-01
0.64	25	2.13E-01	1.81E-01	2.40E-01	1.22E-01	4.46E-02	3.35E-01
0.65	25	2.01E-01	1.70E-01	2.27E-01	1.08E-01	3.96E-02	3.12E-01
0.66	25	1.95E-01	1.64E-01	2.21E-01	1.01E-01	3.76E-02	2.96E-01
0.67	25	1.88E-01	1.57E-01	2.12E-01	9.24E-02	3.48E-02	2.78E-01
0.68	25	1.78E-01	1.49E-01	2.02E-01	8.28E-02	3.15E-02	2.59E-01
0.69	25	1.68E-01	1.40E-01	1.91E-01	7.29E-02	2.80E-02	2.41E-01
0.7	25	1.57E-01	1.31E-01	1.79E-01	6.32E-02	2.44E-02	2.21E-01
0.71	25	1.53E-01	1.26E-01	1.74E-01	5.91E-02	2.34E-02	2.09E-01
0.72	25	1.46E-01	1.20E-01	1.67E-01	5.35E-02	2.15E-02	1.96E-01
0.73	25	1.38E-01	1.13E-01	1.58E-01	4.70E-02	1.92E-02	1.81E-01
0.74	25	1.29E-01	1.05E-01	1.47E-01	4.03E-02	1.66E-02	1.66E-01
0.75	25	1.18E-01	9.66E-02	1.36E-01	3.39E-02	1.41E-02	1.50E-01
0.76	25	1.15E-01	9.35E-02	1.32E-01	3.19E-02	1.37E-02	1.42E-01
0.77	25	1.10E-01	8.85E-02	1.26E-01	2.85E-02	1.25E-02	1.32E-01
0.78	25	1.02E-01	8.21E-02	1.18E-01	2.43E-02	1.08E-02	1.20E-01
0.79	25	9.32E-02	7.49E-02	1.08E-01	2.01E-02	9.04E-03	1.08E-01
0.8	25	8.38E-02	6.71E-02	9.68E-02	1.60E-02	7.28E-03	9.55E-02
0.81	25	8.20E-02	6.53E-02	9.51E-02	1.55E-02	7.37E-03	9.03E-02
0.82	25	7.72E-02	6.12E-02	8.96E-02	1.36E-02	6.61E-03	8.27E-02
0.83	25	7.03E-02	5.56E-02	8.17E-02	1.11E-02	5.47E-03	7.37E-02
0.84	25	6.21E-02	4.90E-02	7.23E-02	8.55E-03	4.25E-03	6.40E-02
0.85	25	5.33E-02	4.20E-02	6.21E-02	6.26E-03	3.14E-03	5.42E-02
0.86	25	5.38E-02	4.21E-02	6.29E-02	6.74E-03	3.57E-03	5.19E-02
0.87	25	5.00E-02	3.89E-02	5.85E-02	5.71E-03	3.10E-03	4.65E-02
0.88	25	4.35E-02	3.37E-02	5.10E-02	4.23E-03	2.32E-03	3.95E-02
0.89	25	3.58E-02	2.77E-02	4.20E-02	2.83E-03	1.56E-03	3.19E-02
0.9	25	2.79E-02	2.16E-02	3.28E-02	1.72E-03	9.53E-04	2.45E-02
0.91	25	2.65E-02	2.04E-02	3.12E-02	1.64E-03	9.48E-04	2.17E-02
0.92	25	2.17E-02	1.66E-02	2.56E-02	1.07E-03	6.31E-04	1.70E-02
0.93	25	1.57E-02	1.20E-02	1.86E-02	5.61E-04	3.32E-04	1.20E-02
0.94	25	7.27E-03	5.57E-03	8.58E-03	1.63E-04	9.64E-05	5.55E-03
0.95	25	2.92E-03	2.24E-03	3.45E-03	3.78E-05	2.24E-05	2.23E-03
0.96	25	9.58E-04	7.33E-04	1.13E-03	6.33E-06	3.75E-06	7.28E-04
0.97	25	2.27E-04	1.74E-04	2.68E-04	6.33E-07	3.74E-07	1.72E-04
0.98	25	2.99E-05	2.29E-05	3.53E-05	2.46E-08	1.46E-08	2.27E-05
0.99	25	9.36E-07	7.16E-07	1.10E-06	9.61E-11	5.68E-11	7.07E-07
							
0.01	50	2.16E+00	2.15E+00	2.23E+00	2.45E+00	3.78E+00	3.13E+00
0.02	50	2.16E+00	2.15E+00	2.23E+00	2.45E+00	3.78E+00	3.13E+00
0.03	50	2.16E+00	2.15E+00	2.23E+00	2.45E+00	3.78E+00	3.13E+00
0.04	50	2.16E+00	2.15E+00	2.23E+00	2.45E+00	3.78E+00	3.13E+00
0.05	50	2.16E+00	2.15E+00	2.23E+00	2.45E+00	3.78E+00	3.13E+00
0.06	50	2.06E+00	2.06E+00	2.16E+00	2.39E+00	3.55E+00	2.90E+00
0.07	50	1.99E+00	1.98E+00	2.10E+00	2.34E+00	3.35E+00	2.71E+00
0.08	50	1.92E+00	1.90E+00	2.05E+00	2.30E+00	3.15E+00	2.56E+00
0.09	50	1.85E+00	1.83E+00	2.00E+00	2.25E+00	2.96E+00	2.44E+00
0.1	50	1.79E+00	1.77E+00	1.95E+00	2.20E+00	2.79E+00	2.33E+00
0.11	50	1.73E+00	1.71E+00	1.90E+00	2.16E+00	2.62E+00	2.25E+00
0.12	50	1.68E+00	1.64E+00	1.85E+00	2.11E+00	2.46E+00	2.17E+00
0.13	50	1.62E+00	1.58E+00	1.80E+00	2.06E+00	2.31E+00	2.10E+00
0.14	50	1.56E+00	1.53E+00	1.75E+00	2.01E+00	2.16E+00	2.04E+00
0.15	50	1.51E+00	1.47E+00	1.69E+00	1.95E+00	2.02E+00	1.97E+00
0.16	50	1.46E+00	1.41E+00	1.64E+00	1.90E+00	1.89E+00	1.92E+00
0.17	50	1.41E+00	1.36E+00	1.59E+00	1.84E+00	1.77E+00	1.87E+00
0.18	50	1.36E+00	1.30E+00	1.54E+00	1.78E+00	1.65E+00	1.82E+00
0.19	50	1.31E+00	1.25E+00	1.49E+00	1.73E+00	1.54E+00	1.78E+00
0.2	50	1.26E+00	1.20E+00	1.43E+00	1.66E+00	1.43E+00	1.73E+00
0.21	50	1.21E+00	1.15E+00	1.38E+00	1.61E+00	1.34E+00	1.69E+00
0.22	50	1.16E+00	1.11E+00	1.33E+00	1.55E+00	1.24E+00	1.64E+00
0.23	50	1.12E+00	1.06E+00	1.28E+00	1.50E+00	1.16E+00	1.60E+00
0.24	50	1.08E+00	1.02E+00	1.23E+00	1.44E+00	1.07E+00	1.56E+00
0.25	50	1.03E+00	9.73E-01	1.18E+00	1.38E+00	9.97E-01	1.51E+00
0.26	50	9.94E-01	9.32E-01	1.14E+00	1.33E+00	9.26E-01	1.47E+00
0.27	50	9.54E-01	8.92E-01	1.09E+00	1.27E+00	8.58E-01	1.43E+00
0.28	50	9.16E-01	8.54E-01	1.05E+00	1.22E+00	7.95E-01	1.39E+00
0.29	50	8.79E-01	8.17E-01	1.01E+00	1.17E+00	7.37E-01	1.35E+00
0.3	50	8.42E-01	7.81E-01	9.63E-01	1.11E+00	6.81E-01	1.31E+00
0.31	50	8.08E-01	7.48E-01	9.23E-01	1.06E+00	6.31E-01	1.27E+00
0.32	50	7.74E-01	7.15E-01	8.84E-01	1.01E+00	5.83E-01	1.23E+00
0.33	50	7.42E-01	6.84E-01	8.47E-01	9.65E-01	5.38E-01	1.19E+00
0.34	50	7.12E-01	6.54E-01	8.11E-01	9.18E-01	4.98E-01	1.15E+00
0.35	50	6.81E-01	6.25E-01	7.75E-01	8.69E-01	4.59E-01	1.11E+00
0.36	50	6.54E-01	5.98E-01	7.42E-01	8.28E-01	4.24E-01	1.07E+00
0.37	50	6.26E-01	5.71E-01	7.10E-01	7.83E-01	3.91E-01	1.03E+00
0.38	50	6.00E-01	5.46E-01	6.79E-01	7.41E-01	3.61E-01	9.96E-01
0.39	50	5.75E-01	5.22E-01	6.50E-01	7.02E-01	3.33E-01	9.58E-01
0.4	50	5.50E-01	4.98E-01	6.21E-01	6.60E-01	3.06E-01	9.20E-01
0.41	50	5.29E-01	4.78E-01	5.96E-01	6.29E-01	2.84E-01	8.86E-01
0.42	50	5.08E-01	4.58E-01	5.72E-01	5.95E-01	2.63E-01	8.51E-01
0.43	50	4.86E-01	4.37E-01	5.47E-01	5.60E-01	2.42E-01	8.15E-01
0.44	50	4.65E-01	4.17E-01	5.22E-01	5.23E-01	2.22E-01	7.79E-01
0.45	50	4.43E-01	3.97E-01	4.97E-01	4.86E-01	2.03E-01	7.43E-01
0.46	50	4.27E-01	3.82E-01	4.79E-01	4.61E-01	1.89E-01	7.12E-01
0.47	50	4.10E-01	3.65E-01	4.59E-01	4.33E-01	1.75E-01	6.80E-01
0.48	50	3.93E-01	3.49E-01	4.40E-01	4.04E-01	1.61E-01	6.48E-01
0.49	50	3.75E-01	3.33E-01	4.20E-01	3.75E-01	1.47E-01	6.16E-01
0.5	50	3.58E-01	3.17E-01	4.00E-01	3.45E-01	1.34E-01	5.84E-01
0.51	50	3.45E-01	3.04E-01	3.86E-01	3.26E-01	1.25E-01	5.57E-01
0.52	50	3.32E-01	2.92E-01	3.71E-01	3.04E-01	1.16E-01	5.30E-01
0.53	50	3.18E-01	2.78E-01	3.55E-01	2.82E-01	1.06E-01	5.02E-01
0.54	50	3.03E-01	2.65E-01	3.39E-01	2.59E-01	9.68E-02	4.75E-01
0.55	50	2.88E-01	2.51E-01	3.22E-01	2.36E-01	8.77E-02	4.47E-01
0.56	50	2.78E-01	2.42E-01	3.11E-01	2.22E-01	8.22E-02	4.24E-01
0.57	50	2.68E-01	2.32E-01	3.00E-01	2.06E-01	7.61E-02	4.01E-01
0.58	50	2.56E-01	2.21E-01	2.87E-01	1.89E-01	6.97E-02	3.78E-01
0.59	50	2.44E-01	2.10E-01	2.73E-01	1.71E-01	6.32E-02	3.55E-01
0.6	50	2.31E-01	1.98E-01	2.59E-01	1.54E-01	5.68E-02	3.32E-01
0.61	50	2.23E-01	1.91E-01	2.51E-01	1.44E-01	5.35E-02	3.14E-01
0.62	50	2.14E-01	1.83E-01	2.41E-01	1.33E-01	4.95E-02	2.95E-01
0.63	50	2.05E-01	1.74E-01	2.30E-01	1.20E-01	4.51E-02	2.76E-01
0.64	50	1.94E-01	1.64E-01	2.19E-01	1.08E-01	4.05E-02	2.58E-01
0.65	50	1.83E-01	1.54E-01	2.06E-01	9.54E-02	3.60E-02	2.39E-01
0.66	50	1.77E-01	1.49E-01	2.00E-01	8.90E-02	3.41E-02	2.25E-01
0.67	50	1.69E-01	1.42E-01	1.92E-01	8.11E-02	3.14E-02	2.10E-01
0.68	50	1.61E-01	1.34E-01	1.82E-01	7.25E-02	2.84E-02	1.95E-01
0.69	50	1.51E-01	1.26E-01	1.72E-01	6.38E-02	2.51E-02	1.80E-01
0.7	50	1.41E-01	1.17E-01	1.60E-01	5.52E-02	2.19E-02	1.66E-01
0.71	50	1.36E-01	1.13E-01	1.56E-01	5.14E-02	2.09E-02	1.55E-01
0.72	50	1.30E-01	1.07E-01	1.49E-01	4.63E-02	1.91E-02	1.44E-01
0.73	50	1.22E-01	1.00E-01	1.40E-01	4.06E-02	1.70E-02	1.33E-01
0.74	50	1.14E-01	9.30E-02	1.30E-01	3.48E-02	1.47E-02	1.21E-01
0.75	50	1.05E-01	8.53E-02	1.20E-01	2.92E-02	1.24E-02	1.09E-01
0.76	50	1.01E-01	8.21E-02	1.16E-01	2.73E-02	1.20E-02	1.02E-01
0.77	50	9.59E-02	7.74E-02	1.10E-01	2.43E-02	1.09E-02	9.40E-02
0.78	50	8.90E-02	7.16E-02	1.03E-01	2.07E-02	9.44E-03	8.52E-02
0.79	50	8.12E-02	6.51E-02	9.37E-02	1.71E-02	7.85E-03	7.61E-02
0.8	50	7.27E-02	5.82E-02	8.41E-02	1.36E-02	6.31E-03	6.70E-02
0.81	50	7.07E-02	5.63E-02	8.20E-02	1.31E-02	6.33E-03	6.25E-02
0.82	50	6.62E-02	5.25E-02	7.69E-02	1.14E-02	5.64E-03	5.66E-02
0.83	50	6.01E-02	4.74E-02	6.98E-02	9.27E-03	4.65E-03	5.01E-02
0.84	50	5.29E-02	4.17E-02	6.16E-02	7.12E-03	3.61E-03	4.32E-02
0.85	50	4.53E-02	3.56E-02	5.28E-02	5.21E-03	2.66E-03	3.64E-02
0.86	50	4.52E-02	3.53E-02	5.29E-02	5.52E-03	2.97E-03	3.40E-02
0.87	50	4.17E-02	3.24E-02	4.88E-02	4.66E-03	2.56E-03	3.00E-02
0.88	50	3.61E-02	2.80E-02	4.23E-02	3.44E-03	1.91E-03	2.52E-02
0.89	50	2.96E-02	2.29E-02	3.48E-02	2.29E-03	1.28E-03	2.02E-02
0.9	50	2.31E-02	1.78E-02	2.71E-02	1.39E-03	7.83E-04	1.54E-02
0.91	50	2.16E-02	1.66E-02	2.54E-02	1.30E-03	7.65E-04	1.32E-02
0.92	50	1.75E-02	1.34E-02	2.07E-02	8.51E-04	5.06E-04	1.02E-02
0.93	50	1.27E-02	9.68E-03	1.49E-02	4.43E-04	2.65E-04	7.13E-03
0.94	50	5.86E-03	4.48E-03	6.91E-03	1.29E-04	7.71E-05	3.29E-03
0.95	50	2.35E-03	1.80E-03	2.78E-03	2.99E-05	1.79E-05	1.32E-03
0.96	50	7.71E-04	5.90E-04	9.10E-04	5.00E-06	3.00E-06	4.32E-04
0.97	50	1.83E-04	1.40E-04	2.16E-04	5.00E-07	2.99E-07	1.02E-04
0.98	50	2.41E-05	1.84E-05	2.84E-05	1.95E-08	1.17E-08	1.34E-05
0.99	50	7.53E-07	5.76E-07	8.89E-07	7.59E-11	4.54E-11	4.19E-07
							
0.01	100	2.31E+00	2.30E+00	2.39E+00	2.61E+00	3.88E+00	3.37E+00
0.02	100	2.31E+00	2.30E+00	2.39E+00	2.61E+00	3.88E+00	3.37E+00
0.03	100	2.31E+00	2.30E+00	2.39E+00	2.61E+00	3.88E+00	3.37E+00
0.04	100	2.31E+00	2.30E+00	2.39E+00	2.61E+00	3.88E+00	3.37E+00
0.05	100	2.31E+00	2.30E+00	2.39E+00	2.61E+00	3.88E+00	3.37E+00
0.06	100	2.19E+00	2.18E+00	2.29E+00	2.52E+00	3.62E+00	3.09E+00
0.07	100	2.09E+00	2.07E+00	2.21E+00	2.45E+00	3.39E+00	2.87E+00
0.08	100	2.00E+00	1.98E+00	2.14E+00	2.38E+00	3.17E+00	2.69E+00
0.09	100	1.92E+00	1.90E+00	2.07E+00	2.32E+00	2.97E+00	2.54E+00
0.1	100	1.84E+00	1.82E+00	2.00E+00	2.25E+00	2.78E+00	2.41E+00
0.11	100	1.78E+00	1.75E+00	1.94E+00	2.20E+00	2.61E+00	2.31E+00
0.12	100	1.71E+00	1.68E+00	1.88E+00	2.13E+00	2.44E+00	2.21E+00
0.13	100	1.64E+00	1.61E+00	1.82E+00	2.07E+00	2.28E+00	2.12E+00
0.14	100	1.58E+00	1.54E+00	1.76E+00	2.01E+00	2.13E+00	2.04E+00
0.15	100	1.52E+00	1.48E+00	1.70E+00	1.94E+00	1.99E+00	1.97E+00
0.16	100	1.46E+00	1.42E+00	1.64E+00	1.89E+00	1.85E+00	1.90E+00
0.17	100	1.41E+00	1.36E+00	1.58E+00	1.82E+00	1.73E+00	1.84E+00
0.18	100	1.35E+00	1.30E+00	1.53E+00	1.76E+00	1.61E+00	1.78E+00
0.19	100	1.30E+00	1.25E+00	1.47E+00	1.70E+00	1.50E+00	1.72E+00
0.2	100	1.25E+00	1.19E+00	1.42E+00	1.64E+00	1.39E+00	1.66E+00
0.21	100	1.20E+00	1.14E+00	1.36E+00	1.58E+00	1.29E+00	1.61E+00
0.22	100	1.15E+00	1.09E+00	1.31E+00	1.52E+00	1.20E+00	1.56E+00
0.23	100	1.10E+00	1.04E+00	1.26E+00	1.46E+00	1.12E+00	1.51E+00
0.24	100	1.06E+00	9.97E-01	1.21E+00	1.40E+00	1.03E+00	1.46E+00
0.25	100	1.01E+00	9.52E-01	1.16E+00	1.34E+00	9.58E-01	1.41E+00
0.26	100	9.70E-01	9.10E-01	1.11E+00	1.28E+00	8.88E-01	1.37E+00
0.27	100	9.29E-01	8.69E-01	1.06E+00	1.23E+00	8.22E-01	1.32E+00
0.28	100	8.90E-01	8.30E-01	1.02E+00	1.17E+00	7.60E-01	1.28E+00
0.29	100	8.52E-01	7.93E-01	9.72E-01	1.12E+00	7.03E-01	1.23E+00
0.3	100	8.15E-01	7.57E-01	9.29E-01	1.06E+00	6.49E-01	1.19E+00
0.31	100	7.81E-01	7.23E-01	8.89E-01	1.02E+00	6.01E-01	1.15E+00
0.32	100	7.47E-01	6.90E-01	8.50E-01	9.64E-01	5.54E-01	1.10E+00
0.33	100	7.15E-01	6.59E-01	8.12E-01	9.16E-01	5.11E-01	1.06E+00
0.34	100	6.84E-01	6.29E-01	7.76E-01	8.70E-01	4.72E-01	1.02E+00
0.35	100	6.54E-01	5.99E-01	7.41E-01	8.22E-01	4.35E-01	9.81E-01
0.36	100	6.26E-01	5.73E-01	7.09E-01	7.81E-01	4.01E-01	9.42E-01
0.37	100	5.99E-01	5.46E-01	6.77E-01	7.37E-01	3.70E-01	9.03E-01
0.38	100	5.72E-01	5.21E-01	6.46E-01	6.97E-01	3.41E-01	8.66E-01
0.39	100	5.48E-01	4.98E-01	6.18E-01	6.58E-01	3.14E-01	8.29E-01
0.4	100	5.23E-01	4.74E-01	5.89E-01	6.18E-01	2.88E-01	7.93E-01
0.41	100	5.02E-01	4.54E-01	5.65E-01	5.87E-01	2.67E-01	7.59E-01
0.42	100	4.81E-01	4.34E-01	5.41E-01	5.54E-01	2.47E-01	7.25E-01
0.43	100	4.60E-01	4.14E-01	5.17E-01	5.20E-01	2.27E-01	6.92E-01
0.44	100	4.40E-01	3.94E-01	4.93E-01	4.85E-01	2.08E-01	6.59E-01
0.45	100	4.19E-01	3.75E-01	4.69E-01	4.50E-01	1.90E-01	6.26E-01
0.46	100	4.03E-01	3.60E-01	4.51E-01	4.25E-01	1.77E-01	5.96E-01
0.47	100	3.86E-01	3.44E-01	4.32E-01	3.99E-01	1.63E-01	5.67E-01
0.48	100	3.69E-01	3.28E-01	4.13E-01	3.72E-01	1.50E-01	5.38E-01
0.49	100	3.52E-01	3.12E-01	3.94E-01	3.44E-01	1.37E-01	5.10E-01
0.5	100	3.35E-01	2.96E-01	3.74E-01	3.16E-01	1.25E-01	4.81E-01
0.51	100	3.23E-01	2.84E-01	3.60E-01	2.98E-01	1.16E-01	4.57E-01
0.52	100	3.10E-01	2.72E-01	3.46E-01	2.78E-01	1.07E-01	4.32E-01
0.53	100	2.96E-01	2.59E-01	3.31E-01	2.57E-01	9.84E-02	4.08E-01
0.54	100	2.82E-01	2.46E-01	3.15E-01	2.35E-01	8.97E-02	3.84E-01
0.55	100	2.68E-01	2.33E-01	2.99E-01	2.14E-01	8.11E-02	3.61E-01
0.56	100	2.58E-01	2.24E-01	2.89E-01	2.01E-01	7.58E-02	3.41E-01
0.57	100	2.48E-01	2.14E-01	2.77E-01	1.86E-01	7.01E-02	3.21E-01
0.58	100	2.37E-01	2.04E-01	2.65E-01	1.70E-01	6.41E-02	3.01E-01
0.59	100	2.25E-01	1.93E-01	2.52E-01	1.54E-01	5.81E-02	2.81E-01
0.6	100	2.13E-01	1.82E-01	2.39E-01	1.39E-01	5.21E-02	2.62E-01
0.61	100	2.05E-01	1.75E-01	2.30E-01	1.29E-01	4.89E-02	2.47E-01
0.62	100	1.97E-01	1.67E-01	2.21E-01	1.19E-01	4.52E-02	2.31E-01
0.63	100	1.87E-01	1.59E-01	2.11E-01	1.07E-01	4.11E-02	2.15E-01
0.64	100	1.77E-01	1.50E-01	2.00E-01	9.60E-02	3.69E-02	2.00E-01
0.65	100	1.67E-01	1.41E-01	1.88E-01	8.48E-02	3.27E-02	1.85E-01
0.66	100	1.61E-01	1.35E-01	1.82E-01	7.88E-02	3.08E-02	1.73E-01
0.67	100	1.53E-01	1.28E-01	1.74E-01	7.16E-02	2.84E-02	1.61E-01
0.68	100	1.45E-01	1.21E-01	1.65E-01	6.39E-02	2.55E-02	1.49E-01
0.69	100	1.36E-01	1.13E-01	1.55E-01	5.61E-02	2.26E-02	1.37E-01
0.7	100	1.27E-01	1.05E-01	1.45E-01	4.85E-02	1.96E-02	1.25E-01
0.71	100	1.22E-01	1.01E-01	1.40E-01	4.50E-02	1.86E-02	1.16E-01
0.72	100	1.16E-01	9.56E-02	1.33E-01	4.04E-02	1.70E-02	1.07E-01
0.73	100	1.09E-01	8.95E-02	1.25E-01	3.54E-02	1.51E-02	9.82E-02
0.74	100	1.01E-01	8.28E-02	1.16E-01	3.02E-02	1.30E-02	8.91E-02
0.75	100	9.30E-02	7.57E-02	1.07E-01	2.53E-02	1.10E-02	8.01E-02
0.76	100	8.96E-02	7.26E-02	1.03E-01	2.36E-02	1.06E-02	7.42E-02
0.77	100	8.45E-02	6.81E-02	9.73E-02	2.09E-02	9.55E-03	6.77E-02
0.78	100	7.82E-02	6.29E-02	9.02E-02	1.78E-02	8.23E-03	6.10E-02
0.79	100	7.11E-02	5.70E-02	8.22E-02	1.46E-02	6.84E-03	5.42E-02
0.8	100	6.36E-02	5.09E-02	7.36E-02	1.16E-02	5.49E-03	4.75E-02
0.81	100	6.15E-02	4.89E-02	7.12E-02	1.11E-02	5.45E-03	4.37E-02
0.82	100	5.73E-02	4.53E-02	6.65E-02	9.62E-03	4.83E-03	3.92E-02
0.83	100	5.17E-02	4.08E-02	6.02E-02	7.80E-03	3.97E-03	3.43E-02
0.84	100	4.54E-02	3.58E-02	5.29E-02	5.98E-03	3.07E-03	2.94E-02
0.85	100	3.88E-02	3.05E-02	4.53E-02	4.36E-03	2.26E-03	2.46E-02
0.86	100	3.83E-02	2.99E-02	4.48E-02	4.56E-03	2.49E-03	2.25E-02
0.87	100	3.51E-02	2.73E-02	4.11E-02	3.83E-03	2.13E-03	1.95E-02
0.88	100	3.03E-02	2.35E-02	3.55E-02	2.81E-03	1.58E-03	1.62E-02
0.89	100	2.47E-02	1.91E-02	2.90E-02	1.87E-03	1.06E-03	1.29E-02
0.9	100	1.92E-02	1.48E-02	2.26E-02	1.14E-03	6.46E-04	9.75E-03
0.91	100	1.78E-02	1.37E-02	2.09E-02	1.05E-03	6.20E-04	8.14E-03
0.92	100	1.43E-02	1.10E-02	1.69E-02	6.80E-04	4.08E-04	6.17E-03
0.93	100	1.03E-02	7.87E-03	1.22E-02	3.53E-04	2.13E-04	4.25E-03
0.94	100	4.76E-03	3.64E-03	5.63E-03	1.03E-04	6.20E-05	1.96E-03
0.95	100	1.91E-03	1.46E-03	2.26E-03	2.38E-05	1.44E-05	7.87E-04
0.96	100	6.27E-04	4.80E-04	7.41E-04	3.99E-06	2.41E-06	2.57E-04
0.97	100	1.49E-04	1.14E-04	1.76E-04	3.99E-07	2.41E-07	6.09E-05
0.98	100	1.96E-05	1.50E-05	2.32E-05	1.55E-08	9.38E-09	8.01E-06
0.99	100	6.12E-07	4.68E-07	7.24E-07	6.05E-11	3.65E-11	2.50E-07
							
0.01	196	2.43E+00	2.42E+00	2.51E+00	2.73E+00	3.96E+00	3.55E+00
0.02	196	2.43E+00	2.42E+00	2.51E+00	2.73E+00	3.96E+00	3.55E+00
0.03	196	2.43E+00	2.42E+00	2.51E+00	2.73E+00	3.96E+00	3.55E+00
0.04	196	2.43E+00	2.42E+00	2.51E+00	2.73E+00	3.96E+00	3.55E+00
0.05	196	2.43E+00	2.42E+00	2.51E+00	2.73E+00	3.96E+00	3.55E+00
0.06	196	2.28E+00	2.27E+00	2.39E+00	2.62E+00	3.67E+00	3.23E+00
0.07	196	2.16E+00	2.15E+00	2.29E+00	2.53E+00	3.42E+00	2.97E+00
0.08	196	2.06E+00	2.04E+00	2.20E+00	2.44E+00	3.18E+00	2.77E+00
0.09	196	1.97E+00	1.95E+00	2.12E+00	2.36E+00	2.97E+00	2.59E+00
0.1	196	1.88E+00	1.86E+00	2.04E+00	2.29E+00	2.77E+00	2.45E+00
0.11	196	1.81E+00	1.78E+00	1.97E+00	2.22E+00	2.59E+00	2.33E+00
0.12	196	1.73E+00	1.70E+00	1.90E+00	2.15E+00	2.41E+00	2.21E+00
0.13	196	1.66E+00	1.62E+00	1.83E+00	2.08E+00	2.25E+00	2.11E+00
0.14	196	1.59E+00	1.55E+00	1.77E+00	2.01E+00	2.09E+00	2.02E+00
0.15	196	1.52E+00	1.48E+00	1.70E+00	1.93E+00	1.95E+00	1.93E+00
0.16	196	1.46E+00	1.41E+00	1.64E+00	1.87E+00	1.81E+00	1.86E+00
0.17	196	1.40E+00	1.35E+00	1.57E+00	1.80E+00	1.69E+00	1.79E+00
0.18	196	1.34E+00	1.29E+00	1.51E+00	1.74E+00	1.57E+00	1.72E+00
0.19	196	1.29E+00	1.23E+00	1.45E+00	1.67E+00	1.46E+00	1.65E+00
0.2	196	1.23E+00	1.18E+00	1.39E+00	1.60E+00	1.35E+00	1.59E+00
0.21	196	1.18E+00	1.12E+00	1.34E+00	1.54E+00	1.25E+00	1.53E+00
0.22	196	1.13E+00	1.07E+00	1.28E+00	1.48E+00	1.16E+00	1.48E+00
0.23	196	1.08E+00	1.02E+00	1.23E+00	1.42E+00	1.08E+00	1.42E+00
0.24	196	1.03E+00	9.76E-01	1.18E+00	1.36E+00	9.98E-01	1.37E+00
0.25	196	9.89E-01	9.30E-01	1.13E+00	1.30E+00	9.22E-01	1.32E+00
0.26	196	9.46E-01	8.88E-01	1.08E+00	1.24E+00	8.54E-01	1.27E+00
0.27	196	9.05E-01	8.46E-01	1.03E+00	1.18E+00	7.89E-01	1.22E+00
0.28	196	8.65E-01	8.07E-01	9.84E-01	1.13E+00	7.29E-01	1.17E+00
0.29	196	8.27E-01	7.69E-01	9.40E-01	1.07E+00	6.73E-01	1.13E+00
0.3	196	7.89E-01	7.33E-01	8.97E-01	1.02E+00	6.21E-01	1.08E+00
0.31	196	7.55E-01	6.99E-01	8.57E-01	9.71E-01	5.73E-01	1.04E+00
0.32	196	7.21E-01	6.66E-01	8.18E-01	9.21E-01	5.28E-01	9.95E-01
0.33	196	6.89E-01	6.35E-01	7.81E-01	8.73E-01	4.87E-01	9.54E-01
0.34	196	6.58E-01	6.05E-01	7.45E-01	8.27E-01	4.49E-01	9.14E-01
0.35	196	6.28E-01	5.76E-01	7.10E-01	7.80E-01	4.13E-01	8.74E-01
0.36	196	6.01E-01	5.49E-01	6.78E-01	7.40E-01	3.81E-01	8.36E-01
0.37	196	5.73E-01	5.23E-01	6.47E-01	6.97E-01	3.50E-01	7.98E-01
0.38	196	5.48E-01	4.99E-01	6.17E-01	6.57E-01	3.22E-01	7.62E-01
0.39	196	5.23E-01	4.75E-01	5.89E-01	6.20E-01	2.97E-01	7.27E-01
0.4	196	4.99E-01	4.52E-01	5.61E-01	5.81E-01	2.72E-01	6.92E-01
0.41	196	4.79E-01	4.33E-01	5.38E-01	5.51E-01	2.52E-01	6.60E-01
0.42	196	4.58E-01	4.13E-01	5.14E-01	5.19E-01	2.33E-01	6.28E-01
0.43	196	4.38E-01	3.94E-01	4.90E-01	4.86E-01	2.14E-01	5.97E-01
0.44	196	4.17E-01	3.74E-01	4.67E-01	4.53E-01	1.96E-01	5.66E-01
0.45	196	3.97E-01	3.55E-01	4.44E-01	4.19E-01	1.79E-01	5.36E-01
0.46	196	3.81E-01	3.40E-01	4.26E-01	3.96E-01	1.66E-01	5.09E-01
0.47	196	3.65E-01	3.25E-01	4.08E-01	3.71E-01	1.53E-01	4.82E-01
0.48	196	3.49E-01	3.09E-01	3.89E-01	3.45E-01	1.40E-01	4.56E-01
0.49	196	3.32E-01	2.94E-01	3.71E-01	3.18E-01	1.28E-01	4.30E-01
0.5	196	3.16E-01	2.79E-01	3.52E-01	2.92E-01	1.16E-01	4.05E-01
0.51	196	3.03E-01	2.67E-01	3.39E-01	2.75E-01	1.08E-01	3.83E-01
0.52	196	2.91E-01	2.55E-01	3.25E-01	2.56E-01	1.00E-01	3.61E-01
0.53	196	2.78E-01	2.43E-01	3.10E-01	2.36E-01	9.16E-02	3.39E-01
0.54	196	2.64E-01	2.30E-01	2.95E-01	2.16E-01	8.34E-02	3.18E-01
0.55	196	2.50E-01	2.18E-01	2.80E-01	1.96E-01	7.53E-02	2.98E-01
0.56	196	2.41E-01	2.09E-01	2.69E-01	1.83E-01	7.03E-02	2.80E-01
0.57	196	2.31E-01	1.99E-01	2.58E-01	1.69E-01	6.49E-02	2.63E-01
0.58	196	2.20E-01	1.90E-01	2.46E-01	1.55E-01	5.93E-02	2.46E-01
0.59	196	2.09E-01	1.79E-01	2.34E-01	1.40E-01	5.36E-02	2.29E-01
0.6	196	1.97E-01	1.69E-01	2.21E-01	1.26E-01	4.81E-02	2.13E-01
0.61	196	1.90E-01	1.62E-01	2.13E-01	1.17E-01	4.50E-02	1.99E-01
0.62	196	1.82E-01	1.54E-01	2.04E-01	1.07E-01	4.15E-02	1.86E-01
0.63	196	1.73E-01	1.46E-01	1.94E-01	9.68E-02	3.77E-02	1.73E-01
0.64	196	1.63E-01	1.38E-01	1.84E-01	8.65E-02	3.37E-02	1.60E-01
0.65	196	1.53E-01	1.29E-01	1.73E-01	7.63E-02	2.99E-02	1.47E-01
0.66	196	1.47E-01	1.24E-01	1.67E-01	7.07E-02	2.81E-02	1.37E-01
0.67	196	1.40E-01	1.17E-01	1.59E-01	6.41E-02	2.58E-02	1.27E-01
0.68	196	1.33E-01	1.11E-01	1.51E-01	5.71E-02	2.32E-02	1.17E-01
0.69	196	1.25E-01	1.03E-01	1.41E-01	5.00E-02	2.05E-02	1.07E-01
0.7	196	1.16E-01	9.58E-02	1.32E-01	4.32E-02	1.78E-02	9.74E-02
0.71	196	1.11E-01	9.16E-02	1.27E-01	3.99E-02	1.68E-02	9.02E-02
0.72	196	1.05E-01	8.65E-02	1.21E-01	3.58E-02	1.53E-02	8.29E-02
0.73	196	9.88E-02	8.08E-02	1.13E-01	3.12E-02	1.35E-02	7.55E-02
0.74	196	9.15E-02	7.46E-02	1.05E-01	2.67E-02	1.17E-02	6.82E-02
0.75	196	8.38E-02	6.81E-02	9.61E-02	2.23E-02	9.82E-03	6.11E-02
0.76	196	8.03E-02	6.50E-02	9.24E-02	2.07E-02	9.39E-03	5.61E-02
0.77	196	7.55E-02	6.09E-02	8.70E-02	1.82E-02	8.45E-03	5.09E-02
0.78	196	6.97E-02	5.60E-02	8.05E-02	1.55E-02	7.27E-03	4.56E-02
0.79	196	6.33E-02	5.07E-02	7.31E-02	1.27E-02	6.02E-03	4.03E-02
0.8	196	5.65E-02	4.51E-02	6.53E-02	1.01E-02	4.83E-03	3.52E-02
0.81	196	5.43E-02	4.31E-02	6.29E-02	9.57E-03	4.75E-03	3.20E-02
0.82	196	5.04E-02	3.99E-02	5.85E-02	8.27E-03	4.19E-03	2.84E-02
0.83	196	4.53E-02	3.58E-02	5.28E-02	6.69E-03	3.44E-03	2.47E-02
0.84	196	3.97E-02	3.13E-02	4.63E-02	5.12E-03	2.66E-03	2.10E-02
0.85	196	3.39E-02	2.66E-02	3.95E-02	3.73E-03	1.95E-03	1.75E-02
0.86	196	3.32E-02	2.59E-02	3.88E-02	3.86E-03	2.12E-03	1.57E-02
0.87	196	3.02E-02	2.34E-02	3.53E-02	3.22E-03	1.80E-03	1.35E-02
0.88	196	2.59E-02	2.01E-02	3.04E-02	2.36E-03	1.34E-03	1.11E-02
0.89	196	2.11E-02	1.63E-02	2.48E-02	1.57E-03	8.94E-04	8.73E-03
0.9	196	1.64E-02	1.26E-02	1.92E-02	9.48E-04	5.44E-04	6.58E-03
0.91	196	1.50E-02	1.15E-02	1.77E-02	8.64E-04	5.15E-04	5.37E-03
0.92	196	1.20E-02	9.19E-03	1.42E-02	5.58E-04	3.37E-04	4.01E-03
0.93	196	8.59E-03	6.57E-03	1.02E-02	2.89E-04	1.76E-04	2.73E-03
0.94	196	3.98E-03	3.04E-03	4.70E-03	8.41E-05	5.11E-05	1.26E-03
0.95	196	1.60E-03	1.22E-03	1.89E-03	1.95E-05	1.19E-05	5.06E-04
0.96	196	5.24E-04	4.00E-04	6.18E-04	3.27E-06	1.98E-06	1.65E-04
0.97	196	1.24E-04	9.50E-05	1.47E-04	3.26E-07	1.98E-07	3.92E-05
0.98	196	1.64E-05	1.25E-05	1.93E-05	1.27E-08	7.72E-09	5.15E-06
0.99	196	5.11E-07	3.91E-07	6.04E-07	4.95E-11	3.01E-11	1.61E-07
							
0.01	484	2.56E+00	2.56E+00	2.65E+00	2.88E+00	4.04E+00	3.72E+00
0.02	484	2.56E+00	2.56E+00	2.65E+00	2.88E+00	4.04E+00	3.72E+00
0.03	484	2.56E+00	2.56E+00	2.65E+00	2.88E+00	4.04E+00	3.72E+00
0.04	484	2.56E+00	2.56E+00	2.65E+00	2.88E+00	4.04E+00	3.72E+00
0.05	484	2.56E+00	2.56E+00	2.65E+00	2.88E+00	4.04E+00	3.72E+00
0.06	484	2.39E+00	2.38E+00	2.50E+00	2.73E+00	3.72E+00	3.35E+00
0.07	484	2.25E+00	2.23E+00	2.37E+00	2.61E+00	3.44E+00	3.06E+00
0.08	484	2.12E+00	2.11E+00	2.26E+00	2.50E+00	3.19E+00	2.83E+00
0.09	484	2.01E+00	1.99E+00	2.17E+00	2.41E+00	2.96E+00	2.63E+00
0.1	484	1.92E+00	1.89E+00	2.08E+00	2.32E+00	2.75E+00	2.46E+00
0.11	484	1.83E+00	1.80E+00	2.00E+00	2.24E+00	2.56E+00	2.33E+00
0.12	484	1.74E+00	1.71E+00	1.91E+00	2.15E+00	2.37E+00	2.20E+00
0.13	484	1.66E+00	1.63E+00	1.83E+00	2.07E+00	2.20E+00	2.08E+00
0.14	484	1.59E+00	1.55E+00	1.76E+00	2.00E+00	2.05E+00	1.98E+00
0.15	484	1.52E+00	1.47E+00	1.69E+00	1.92E+00	1.90E+00	1.88E+00
0.16	484	1.45E+00	1.40E+00	1.62E+00	1.85E+00	1.76E+00	1.79E+00
0.17	484	1.39E+00	1.34E+00	1.55E+00	1.77E+00	1.63E+00	1.71E+00
0.18	484	1.32E+00	1.27E+00	1.49E+00	1.70E+00	1.51E+00	1.63E+00
0.19	484	1.26E+00	1.21E+00	1.42E+00	1.63E+00	1.40E+00	1.56E+00
0.2	484	1.21E+00	1.15E+00	1.36E+00	1.56E+00	1.30E+00	1.49E+00
0.21	484	1.15E+00	1.10E+00	1.30E+00	1.50E+00	1.20E+00	1.43E+00
0.22	484	1.10E+00	1.04E+00	1.25E+00	1.43E+00	1.11E+00	1.37E+00
0.23	484	1.05E+00	9.94E-01	1.19E+00	1.37E+00	1.03E+00	1.31E+00
0.24	484	1.00E+00	9.46E-01	1.14E+00	1.31E+00	9.50E-01	1.25E+00
0.25	484	9.57E-01	9.00E-01	1.08E+00	1.24E+00	8.77E-01	1.20E+00
0.26	484	9.14E-01	8.57E-01	1.04E+00	1.19E+00	8.10E-01	1.15E+00
0.27	484	8.71E-01	8.15E-01	9.88E-01	1.13E+00	7.47E-01	1.10E+00
0.28	484	8.31E-01	7.75E-01	9.43E-01	1.07E+00	6.89E-01	1.05E+00
0.29	484	7.93E-01	7.38E-01	8.99E-01	1.02E+00	6.35E-01	1.00E+00
0.3	484	7.56E-01	7.01E-01	8.56E-01	9.64E-01	5.85E-01	9.56E-01
0.31	484	7.21E-01	6.68E-01	8.17E-01	9.16E-01	5.39E-01	9.13E-01
0.32	484	6.88E-01	6.35E-01	7.78E-01	8.67E-01	4.96E-01	8.71E-01
0.33	484	6.56E-01	6.04E-01	7.41E-01	8.20E-01	4.57E-01	8.30E-01
0.34	484	6.26E-01	5.75E-01	7.06E-01	7.75E-01	4.20E-01	7.91E-01
0.35	484	5.96E-01	5.46E-01	6.72E-01	7.30E-01	3.86E-01	7.53E-01
0.36	484	5.69E-01	5.20E-01	6.41E-01	6.90E-01	3.56E-01	7.16E-01
0.37	484	5.42E-01	4.94E-01	6.10E-01	6.49E-01	3.27E-01	6.81E-01
0.38	484	5.17E-01	4.70E-01	5.81E-01	6.10E-01	3.00E-01	6.47E-01
0.39	484	4.93E-01	4.48E-01	5.54E-01	5.74E-01	2.76E-01	6.14E-01
0.4	484	4.70E-01	4.25E-01	5.27E-01	5.37E-01	2.53E-01	5.82E-01
0.41	484	4.50E-01	4.06E-01	5.04E-01	5.08E-01	2.34E-01	5.52E-01
0.42	484	4.30E-01	3.87E-01	4.81E-01	4.77E-01	2.15E-01	5.23E-01
0.43	484	4.10E-01	3.68E-01	4.58E-01	4.46E-01	1.98E-01	4.94E-01
0.44	484	3.90E-01	3.50E-01	4.36E-01	4.15E-01	1.81E-01	4.67E-01
0.45	484	3.70E-01	3.31E-01	4.14E-01	3.83E-01	1.65E-01	4.40E-01
0.46	484	3.55E-01	3.17E-01	3.96E-01	3.61E-01	1.53E-01	4.16E-01
0.47	484	3.39E-01	3.02E-01	3.79E-01	3.37E-01	1.41E-01	3.92E-01
0.48	484	3.24E-01	2.87E-01	3.61E-01	3.13E-01	1.29E-01	3.69E-01
0.49	484	3.08E-01	2.72E-01	3.43E-01	2.89E-01	1.17E-01	3.47E-01
0.5	484	2.92E-01	2.58E-01	3.26E-01	2.65E-01	1.07E-01	3.26E-01
0.51	484	2.80E-01	2.47E-01	3.13E-01	2.48E-01	9.90E-02	3.06E-01
0.52	484	2.68E-01	2.35E-01	2.99E-01	2.30E-01	9.12E-02	2.87E-01
0.53	484	2.56E-01	2.23E-01	2.85E-01	2.12E-01	8.34E-02	2.69E-01
0.54	484	2.43E-01	2.12E-01	2.71E-01	1.94E-01	7.58E-02	2.51E-01
0.55	484	2.30E-01	2.00E-01	2.57E-01	1.76E-01	6.84E-02	2.34E-01
0.56	484	2.21E-01	1.91E-01	2.47E-01	1.64E-01	6.37E-02	2.19E-01
0.57	484	2.11E-01	1.82E-01	2.36E-01	1.51E-01	5.87E-02	2.05E-01
0.58	484	2.01E-01	1.73E-01	2.25E-01	1.38E-01	5.35E-02	1.91E-01
0.59	484	1.90E-01	1.63E-01	2.13E-01	1.24E-01	4.83E-02	1.77E-01
0.6	484	1.80E-01	1.54E-01	2.01E-01	1.11E-01	4.33E-02	1.64E-01
0.61	484	1.72E-01	1.47E-01	1.94E-01	1.03E-01	4.04E-02	1.53E-01
0.62	484	1.64E-01	1.40E-01	1.85E-01	9.43E-02	3.71E-02	1.42E-01
0.63	484	1.56E-01	1.32E-01	1.76E-01	8.51E-02	3.36E-02	1.31E-01
0.64	484	1.47E-01	1.24E-01	1.66E-01	7.58E-02	3.01E-02	1.21E-01
0.65	484	1.38E-01	1.16E-01	1.56E-01	6.68E-02	2.66E-02	1.11E-01
0.66	484	1.32E-01	1.11E-01	1.50E-01	6.16E-02	2.49E-02	1.02E-01
0.67	484	1.26E-01	1.05E-01	1.43E-01	5.58E-02	2.28E-02	9.43E-02
0.68	484	1.19E-01	9.85E-02	1.35E-01	4.95E-02	2.04E-02	8.64E-02
0.69	484	1.11E-01	9.19E-02	1.26E-01	4.33E-02	1.80E-02	7.88E-02
0.7	484	1.03E-01	8.51E-02	1.17E-01	3.73E-02	1.56E-02	7.14E-02
0.71	484	9.85E-02	8.10E-02	1.12E-01	3.44E-02	1.47E-02	6.57E-02
0.72	484	9.31E-02	7.63E-02	1.06E-01	3.07E-02	1.33E-02	5.99E-02
0.73	484	8.70E-02	7.10E-02	9.96E-02	2.67E-02	1.18E-02	5.43E-02
0.74	484	8.03E-02	6.54E-02	9.21E-02	2.28E-02	1.01E-02	4.87E-02
0.75	484	7.34E-02	5.96E-02	8.43E-02	1.90E-02	8.50E-03	4.34E-02
0.76	484	7.01E-02	5.66E-02	8.07E-02	1.75E-02	8.07E-03	3.96E-02
0.77	484	6.56E-02	5.28E-02	7.57E-02	1.54E-02	7.23E-03	3.56E-02
0.78	484	6.04E-02	4.84E-02	6.97E-02	1.30E-02	6.20E-03	3.16E-02
0.79	484	5.46E-02	4.37E-02	6.32E-02	1.07E-02	5.13E-03	2.78E-02
0.8	484	4.87E-02	3.88E-02	5.63E-02	8.47E-03	4.10E-03	2.41E-02
0.81	484	4.64E-02	3.69E-02	5.39E-02	7.96E-03	4.00E-03	2.16E-02
0.82	484	4.29E-02	3.39E-02	4.98E-02	6.85E-03	3.51E-03	1.90E-02
0.83	484	3.85E-02	3.03E-02	4.48E-02	5.52E-03	2.87E-03	1.64E-02
0.84	484	3.36E-02	2.64E-02	3.91E-02	4.21E-03	2.21E-03	1.39E-02
0.85	484	2.86E-02	2.24E-02	3.33E-02	3.07E-03	1.62E-03	1.15E-02
0.86	484	2.77E-02	2.16E-02	3.23E-02	3.12E-03	1.73E-03	1.01E-02
0.87	484	2.50E-02	1.94E-02	2.93E-02	2.59E-03	1.46E-03	8.49E-03
0.88	484	2.14E-02	1.65E-02	2.51E-02	1.89E-03	1.08E-03	6.89E-03
0.89	484	1.74E-02	1.34E-02	2.04E-02	1.25E-03	7.20E-04	5.38E-03
0.9	484	1.34E-02	1.03E-02	1.58E-02	7.57E-04	4.37E-04	4.02E-03
0.91	484	1.21E-02	9.30E-03	1.43E-02	6.79E-04	4.07E-04	3.19E-03
0.92	484	9.63E-03	7.37E-03	1.14E-02	4.36E-04	2.65E-04	2.34E-03
0.93	484	6.86E-03	5.24E-03	8.11E-03	2.25E-04	1.38E-04	1.57E-03
0.94	484	3.17E-03	2.42E-03	3.75E-03	6.55E-05	4.00E-05	7.26E-04
0.95	484	1.28E-03	9.75E-04	1.51E-03	1.52E-05	9.29E-06	2.91E-04
0.96	484	4.18E-04	3.19E-04	4.94E-04	2.54E-06	1.56E-06	9.53E-05
0.97	484	9.92E-05	7.58E-05	1.17E-04	2.54E-07	1.55E-07	2.26E-05
0.98	484	1.31E-05	9.98E-06	1.54E-05	9.90E-09	6.05E-09	2.96E-06
0.99	484	4.08E-07	3.12E-07	4.82E-07	3.86E-11	2.36E-11	9.25E-08
							
0.01	1225	2.68E+00	2.67E+00	2.77E+00	2.99E+00	4.10E+00	3.84E+00
0.02	1225	2.68E+00	2.67E+00	2.77E+00	2.99E+00	4.10E+00	3.84E+00
0.03	1225	2.68E+00	2.67E+00	2.77E+00	2.99E+00	4.10E+00	3.84E+00
0.04	1225	2.68E+00	2.67E+00	2.77E+00	2.99E+00	4.10E+00	3.84E+00
0.05	1225	2.68E+00	2.67E+00	2.77E+00	2.99E+00	4.10E+00	3.84E+00
0.06	1225	2.48E+00	2.46E+00	2.59E+00	2.82E+00	3.75E+00	3.43E+00
0.07	1225	2.31E+00	2.30E+00	2.44E+00	2.67E+00	3.45E+00	3.11E+00
0.08	1225	2.17E+00	2.15E+00	2.31E+00	2.55E+00	3.18E+00	2.85E+00
0.09	1225	2.05E+00	2.02E+00	2.20E+00	2.44E+00	2.94E+00	2.63E+00
0.1	1225	1.94E+00	1.91E+00	2.10E+00	2.33E+00	2.72E+00	2.45E+00
0.11	1225	1.84E+00	1.81E+00	2.01E+00	2.24E+00	2.52E+00	2.30E+00
0.12	1225	1.75E+00	1.71E+00	1.92E+00	2.15E+00	2.33E+00	2.15E+00
0.13	1225	1.66E+00	1.62E+00	1.83E+00	2.06E+00	2.16E+00	2.02E+00
0.14	1225	1.58E+00	1.54E+00	1.75E+00	1.98E+00	2.00E+00	1.91E+00
0.15	1225	1.50E+00	1.46E+00	1.67E+00	1.89E+00	1.85E+00	1.80E+00
0.16	1225	1.43E+00	1.39E+00	1.60E+00	1.81E+00	1.71E+00	1.71E+00
0.17	1225	1.37E+00	1.32E+00	1.53E+00	1.74E+00	1.58E+00	1.62E+00
0.18	1225	1.30E+00	1.25E+00	1.46E+00	1.66E+00	1.46E+00	1.54E+00
0.19	1225	1.24E+00	1.19E+00	1.39E+00	1.59E+00	1.35E+00	1.47E+00
0.2	1225	1.18E+00	1.13E+00	1.33E+00	1.51E+00	1.25E+00	1.39E+00
0.21	1225	1.12E+00	1.07E+00	1.27E+00	1.45E+00	1.15E+00	1.33E+00
0.22	1225	1.07E+00	1.02E+00	1.21E+00	1.38E+00	1.06E+00	1.26E+00
0.23	1225	1.02E+00	9.64E-01	1.15E+00	1.32E+00	9.81E-01	1.20E+00
0.24	1225	9.71E-01	9.16E-01	1.10E+00	1.25E+00	9.05E-01	1.14E+00
0.25	1225	9.24E-01	8.69E-01	1.05E+00	1.19E+00	8.33E-01	1.09E+00
0.26	1225	8.81E-01	8.26E-01	9.97E-01	1.13E+00	7.69E-01	1.04E+00
0.27	1225	8.38E-01	7.84E-01	9.49E-01	1.07E+00	7.08E-01	9.85E-01
0.28	1225	7.98E-01	7.44E-01	9.03E-01	1.02E+00	6.51E-01	9.37E-01
0.29	1225	7.60E-01	7.07E-01	8.60E-01	9.66E-01	6.00E-01	8.91E-01
0.3	1225	7.23E-01	6.71E-01	8.17E-01	9.13E-01	5.51E-01	8.46E-01
0.31	1225	6.89E-01	6.37E-01	7.78E-01	8.65E-01	5.07E-01	8.04E-01
0.32	1225	6.56E-01	6.05E-01	7.40E-01	8.17E-01	4.66E-01	7.63E-01
0.33	1225	6.24E-01	5.75E-01	7.04E-01	7.71E-01	4.28E-01	7.24E-01
0.34	1225	5.94E-01	5.46E-01	6.70E-01	7.27E-01	3.94E-01	6.87E-01
0.35	1225	5.65E-01	5.18E-01	6.36E-01	6.83E-01	3.61E-01	6.50E-01
0.36	1225	5.39E-01	4.92E-01	6.06E-01	6.44E-01	3.32E-01	6.16E-01
0.37	1225	5.13E-01	4.67E-01	5.76E-01	6.05E-01	3.05E-01	5.83E-01
0.38	1225	4.88E-01	4.44E-01	5.48E-01	5.68E-01	2.80E-01	5.51E-01
0.39	1225	4.65E-01	4.22E-01	5.21E-01	5.33E-01	2.57E-01	5.21E-01
0.4	1225	4.42E-01	4.00E-01	4.95E-01	4.98E-01	2.35E-01	4.91E-01
0.41	1225	4.23E-01	3.81E-01	4.73E-01	4.70E-01	2.17E-01	4.64E-01
0.42	1225	4.03E-01	3.63E-01	4.51E-01	4.40E-01	2.00E-01	4.38E-01
0.43	1225	3.84E-01	3.45E-01	4.29E-01	4.11E-01	1.83E-01	4.12E-01
0.44	1225	3.65E-01	3.27E-01	4.08E-01	3.81E-01	1.67E-01	3.88E-01
0.45	1225	3.46E-01	3.09E-01	3.86E-01	3.52E-01	1.52E-01	3.64E-01
0.46	1225	3.31E-01	2.95E-01	3.70E-01	3.30E-01	1.41E-01	3.43E-01
0.47	1225	3.16E-01	2.81E-01	3.53E-01	3.08E-01	1.29E-01	3.22E-01
0.48	1225	3.01E-01	2.67E-01	3.36E-01	2.85E-01	1.18E-01	3.02E-01
0.49	1225	2.86E-01	2.53E-01	3.19E-01	2.63E-01	1.08E-01	2.82E-01
0.5	1225	2.71E-01	2.39E-01	3.02E-01	2.40E-01	9.77E-02	2.64E-01
0.51	1225	2.60E-01	2.28E-01	2.90E-01	2.25E-01	9.06E-02	2.47E-01
0.52	1225	2.48E-01	2.17E-01	2.77E-01	2.08E-01	8.33E-02	2.31E-01
0.53	1225	2.36E-01	2.06E-01	2.63E-01	1.91E-01	7.61E-02	2.15E-01
0.54	1225	2.24E-01	1.95E-01	2.50E-01	1.74E-01	6.91E-02	2.00E-01
0.55	1225	2.12E-01	1.84E-01	2.37E-01	1.58E-01	6.23E-02	1.86E-01
0.56	1225	2.03E-01	1.75E-01	2.27E-01	1.47E-01	5.78E-02	1.73E-01
0.57	1225	1.94E-01	1.67E-01	2.17E-01	1.35E-01	5.31E-02	1.61E-01
0.58	1225	1.84E-01	1.58E-01	2.06E-01	1.23E-01	4.84E-02	1.49E-01
0.59	1225	1.74E-01	1.49E-01	1.95E-01	1.11E-01	4.36E-02	1.38E-01
0.6	1225	1.64E-01	1.40E-01	1.84E-01	9.91E-02	3.90E-02	1.27E-01
0.61	1225	1.57E-01	1.33E-01	1.76E-01	9.16E-02	3.63E-02	1.18E-01
0.62	1225	1.49E-01	1.27E-01	1.68E-01	8.35E-02	3.33E-02	1.09E-01
0.63	1225	1.41E-01	1.19E-01	1.59E-01	7.52E-02	3.01E-02	1.00E-01
0.64	1225	1.33E-01	1.12E-01	1.50E-01	6.69E-02	2.69E-02	9.21E-02
0.65	1225	1.25E-01	1.05E-01	1.41E-01	5.88E-02	2.37E-02	8.41E-02
0.66	1225	1.19E-01	9.96E-02	1.35E-01	5.41E-02	2.22E-02	7.75E-02
0.67	1225	1.13E-01	9.41E-02	1.28E-01	4.88E-02	2.02E-02	7.10E-02
0.68	1225	1.06E-01	8.82E-02	1.21E-01	4.33E-02	1.81E-02	6.48E-02
0.69	1225	9.93E-02	8.21E-02	1.13E-01	3.78E-02	1.59E-02	5.88E-02
0.7	1225	9.20E-02	7.59E-02	1.05E-01	3.25E-02	1.38E-02	5.31E-02
0.71	1225	8.77E-02	7.21E-02	1.00E-01	2.98E-02	1.29E-02	4.84E-02
0.72	1225	8.26E-02	6.76E-02	9.46E-02	2.65E-02	1.17E-02	4.39E-02
0.73	1225	7.70E-02	6.28E-02	8.82E-02	2.30E-02	1.03E-02	3.95E-02
0.74	1225	7.10E-02	5.77E-02	8.14E-02	1.96E-02	8.80E-03	3.53E-02
0.75	1225	6.47E-02	5.25E-02	7.44E-02	1.63E-02	7.39E-03	3.13E-02
0.76	1225	6.15E-02	4.96E-02	7.08E-02	1.50E-02	6.97E-03	2.83E-02
0.77	1225	5.74E-02	4.61E-02	6.62E-02	1.31E-02	6.22E-03	2.52E-02
0.78	1225	5.26E-02	4.22E-02	6.08E-02	1.11E-02	5.32E-03	2.23E-02
0.79	1225	4.75E-02	3.80E-02	5.50E-02	9.04E-03	4.39E-03	1.95E-02
0.8	1225	4.22E-02	3.37E-02	4.89E-02	7.16E-03	3.50E-03	1.68E-02
0.81	1225	4.00E-02	3.18E-02	4.65E-02	6.68E-03	3.38E-03	1.49E-02
0.82	1225	3.68E-02	2.91E-02	4.28E-02	5.72E-03	2.95E-03	1.29E-02
0.83	1225	3.29E-02	2.59E-02	3.83E-02	4.59E-03	2.41E-03	1.11E-02
0.84	1225	2.86E-02	2.25E-02	3.34E-02	3.50E-03	1.85E-03	9.28E-03
0.85	1225	2.43E-02	1.91E-02	2.84E-02	2.54E-03	1.35E-03	7.62E-03
0.86	1225	2.33E-02	1.81E-02	2.72E-02	2.55E-03	1.42E-03	6.56E-03
0.87	1225	2.09E-02	1.62E-02	2.45E-02	2.10E-03	1.19E-03	5.45E-03
0.88	1225	1.78E-02	1.38E-02	2.09E-02	1.53E-03	8.80E-04	4.37E-03
0.89	1225	1.44E-02	1.11E-02	1.69E-02	1.01E-03	5.85E-04	3.38E-03
0.9	1225	1.11E-02	8.55E-03	1.30E-02	6.11E-04	3.55E-04	2.51E-03
0.91	1225	9.90E-03	7.59E-03	1.17E-02	5.40E-04	3.25E-04	1.94E-03
0.92	1225	7.81E-03	5.98E-03	9.23E-03	3.45E-04	2.10E-04	1.40E-03
0.93	1225	5.54E-03	4.23E-03	6.55E-03	1.78E-04	1.09E-04	9.26E-04
0.94	1225	2.56E-03	1.96E-03	3.03E-03	5.16E-05	3.17E-05	4.27E-04
0.95	1225	1.03E-03	7.87E-04	1.22E-03	1.20E-05	7.35E-06	1.71E-04
0.96	1225	3.38E-04	2.58E-04	3.99E-04	2.01E-06	1.23E-06	5.61E-05
0.97	1225	8.01E-05	6.12E-05	9.47E-05	2.00E-07	1.23E-07	1.33E-05
0.98	1225	1.05E-05	8.05E-06	1.25E-05	7.80E-09	4.79E-09	1.74E-06
0.99	1225	3.30E-07	2.52E-07	3.90E-07	3.04E-11	1.87E-11	5.44E-08
							
0.01	1936	2.73E+00	2.72E+00	2.82E+00	3.04E+00	4.12E+00	3.89E+00
0.02	1936	2.73E+00	2.72E+00	2.82E+00	3.04E+00	4.12E+00	3.89E+00
0.03	1936	2.73E+00	2.72E+00	2.82E+00	3.04E+00	4.12E+00	3.89E+00
0.04	1936	2.73E+00	2.72E+00	2.82E+00	3.04E+00	4.12E+00	3.89E+00
0.05	1936	2.73E+00	2.72E+00	2.82E+00	3.04E+00	4.12E+00	3.89E+00
0.06	1936	2.51E+00	2.50E+00	2.63E+00	2.86E+00	3.76E+00	3.46E+00
0.07	1936	2.34E+00	2.32E+00	2.47E+00	2.70E+00	3.45E+00	3.12E+00
0.08	1936	2.19E+00	2.17E+00	2.33E+00	2.57E+00	3.17E+00	2.85E+00
0.09	1936	2.06E+00	2.04E+00	2.21E+00	2.45E+00	2.93E+00	2.62E+00
0.1	1936	1.95E+00	1.92E+00	2.10E+00	2.34E+00	2.70E+00	2.43E+00
0.11	1936	1.85E+00	1.81E+00	2.01E+00	2.24E+00	2.50E+00	2.27E+00
0.12	1936	1.75E+00	1.71E+00	1.91E+00	2.14E+00	2.31E+00	2.13E+00
0.13	1936	1.66E+00	1.62E+00	1.83E+00	2.05E+00	2.13E+00	1.99E+00
0.14	1936	1.58E+00	1.53E+00	1.74E+00	1.96E+00	1.97E+00	1.88E+00
0.15	1936	1.50E+00	1.45E+00	1.66E+00	1.87E+00	1.82E+00	1.77E+00
0.16	1936	1.42E+00	1.38E+00	1.59E+00	1.80E+00	1.68E+00	1.67E+00
0.17	1936	1.35E+00	1.31E+00	1.51E+00	1.72E+00	1.56E+00	1.58E+00
0.18	1936	1.29E+00	1.24E+00	1.44E+00	1.64E+00	1.44E+00	1.50E+00
0.19	1936	1.23E+00	1.17E+00	1.38E+00	1.57E+00	1.33E+00	1.42E+00
0.2	1936	1.17E+00	1.11E+00	1.31E+00	1.49E+00	1.22E+00	1.34E+00
0.21	1936	1.11E+00	1.06E+00	1.25E+00	1.43E+00	1.13E+00	1.28E+00
0.22	1936	1.06E+00	1.00E+00	1.19E+00	1.36E+00	1.04E+00	1.21E+00
0.23	1936	1.00E+00	9.50E-01	1.13E+00	1.29E+00	9.59E-01	1.15E+00
0.24	1936	9.56E-01	9.01E-01	1.08E+00	1.23E+00	8.84E-01	1.09E+00
0.25	1936	9.09E-01	8.54E-01	1.03E+00	1.17E+00	8.13E-01	1.04E+00
0.26	1936	8.65E-01	8.11E-01	9.78E-01	1.11E+00	7.49E-01	9.85E-01
0.27	1936	8.23E-01	7.69E-01	9.30E-01	1.05E+00	6.89E-01	9.35E-01
0.28	1936	7.83E-01	7.30E-01	8.84E-01	9.95E-01	6.34E-01	8.87E-01
0.29	1936	7.45E-01	6.92E-01	8.41E-01	9.42E-01	5.83E-01	8.42E-01
0.3	1936	7.08E-01	6.56E-01	7.99E-01	8.89E-01	5.36E-01	7.98E-01
0.31	1936	6.74E-01	6.23E-01	7.60E-01	8.42E-01	4.93E-01	7.56E-01
0.32	1936	6.41E-01	5.91E-01	7.22E-01	7.94E-01	4.52E-01	7.16E-01
0.33	1936	6.09E-01	5.61E-01	6.87E-01	7.49E-01	4.15E-01	6.78E-01
0.34	1936	5.80E-01	5.32E-01	6.53E-01	7.05E-01	3.82E-01	6.41E-01
0.35	1936	5.51E-01	5.05E-01	6.20E-01	6.62E-01	3.50E-01	6.06E-01
0.36	1936	5.25E-01	4.79E-01	5.90E-01	6.24E-01	3.21E-01	5.73E-01
0.37	1936	4.99E-01	4.55E-01	5.60E-01	5.85E-01	2.95E-01	5.41E-01
0.38	1936	4.75E-01	4.32E-01	5.33E-01	5.49E-01	2.70E-01	5.11E-01
0.39	1936	4.52E-01	4.10E-01	5.07E-01	5.14E-01	2.48E-01	4.82E-01
0.4	1936	4.30E-01	3.89E-01	4.81E-01	4.80E-01	2.27E-01	4.54E-01
0.41	1936	4.10E-01	3.70E-01	4.59E-01	4.52E-01	2.09E-01	4.28E-01
0.42	1936	3.91E-01	3.52E-01	4.37E-01	4.24E-01	1.92E-01	4.02E-01
0.43	1936	3.72E-01	3.34E-01	4.16E-01	3.95E-01	1.76E-01	3.78E-01
0.44	1936	3.54E-01	3.17E-01	3.95E-01	3.66E-01	1.61E-01	3.55E-01
0.45	1936	3.35E-01	3.00E-01	3.74E-01	3.38E-01	1.46E-01	3.33E-01
0.46	1936	3.21E-01	2.85E-01	3.58E-01	3.17E-01	1.35E-01	3.12E-01
0.47	1936	3.06E-01	2.71E-01	3.41E-01	2.95E-01	1.24E-01	2.93E-01
0.48	1936	2.91E-01	2.58E-01	3.24E-01	2.73E-01	1.14E-01	2.74E-01
0.49	1936	2.76E-01	2.44E-01	3.08E-01	2.51E-01	1.03E-01	2.56E-01
0.5	1936	2.62E-01	2.30E-01	2.92E-01	2.30E-01	9.37E-02	2.39E-01
0.51	1936	2.50E-01	2.20E-01	2.79E-01	2.14E-01	8.68E-02	2.23E-01
0.52	1936	2.39E-01	2.09E-01	2.67E-01	1.98E-01	7.98E-02	2.08E-01
0.53	1936	2.27E-01	1.98E-01	2.54E-01	1.82E-01	7.28E-02	1.94E-01
0.54	1936	2.15E-01	1.87E-01	2.41E-01	1.66E-01	6.60E-02	1.80E-01
0.55	1936	2.04E-01	1.77E-01	2.27E-01	1.50E-01	5.95E-02	1.67E-01
0.56	1936	1.95E-01	1.68E-01	2.18E-01	1.39E-01	5.52E-02	1.55E-01
0.57	1936	1.86E-01	1.60E-01	2.08E-01	1.28E-01	5.07E-02	1.44E-01
0.58	1936	1.76E-01	1.51E-01	1.98E-01	1.16E-01	4.61E-02	1.33E-01
0.59	1936	1.67E-01	1.43E-01	1.87E-01	1.05E-01	4.16E-02	1.23E-01
0.6	1936	1.57E-01	1.34E-01	1.76E-01	9.39E-02	3.71E-02	1.13E-01
0.61	1936	1.50E-01	1.28E-01	1.69E-01	8.66E-02	3.45E-02	1.05E-01
0.62	1936	1.43E-01	1.21E-01	1.61E-01	7.89E-02	3.16E-02	9.65E-02
0.63	1936	1.35E-01	1.14E-01	1.52E-01	7.09E-02	2.86E-02	8.86E-02
0.64	1936	1.27E-01	1.07E-01	1.43E-01	6.30E-02	2.55E-02	8.11E-02
0.65	1936	1.19E-01	9.97E-02	1.34E-01	5.54E-02	2.25E-02	7.40E-02
0.66	1936	1.13E-01	9.48E-02	1.29E-01	5.09E-02	2.09E-02	6.79E-02
0.67	1936	1.07E-01	8.94E-02	1.22E-01	4.58E-02	1.91E-02	6.21E-02
0.68	1936	1.01E-01	8.38E-02	1.15E-01	4.06E-02	1.71E-02	5.65E-02
0.69	1936	9.42E-02	7.79E-02	1.07E-01	3.54E-02	1.50E-02	5.12E-02
0.7	1936	8.73E-02	7.20E-02	9.94E-02	3.04E-02	1.30E-02	4.61E-02
0.71	1936	8.31E-02	6.82E-02	9.49E-02	2.78E-02	1.21E-02	4.19E-02
0.72	1936	7.81E-02	6.39E-02	8.94E-02	2.48E-02	1.09E-02	3.79E-02
0.73	1936	7.27E-02	5.93E-02	8.33E-02	2.15E-02	9.61E-03	3.41E-02
0.74	1936	6.70E-02	5.44E-02	7.68E-02	1.83E-02	8.24E-03	3.04E-02
0.75	1936	6.10E-02	4.95E-02	7.01E-02	1.52E-02	6.91E-03	2.69E-02
0.76	1936	5.78E-02	4.67E-02	6.66E-02	1.39E-02	6.50E-03	2.41E-02
0.77	1936	5.39E-02	4.33E-02	6.22E-02	1.22E-02	5.79E-03	2.15E-02
0.78	1936	4.93E-02	3.95E-02	5.70E-02	1.02E-02	4.94E-03	1.89E-02
0.79	1936	4.45E-02	3.55E-02	5.15E-02	8.36E-03	4.07E-03	1.64E-02
0.8	1936	3.95E-02	3.15E-02	4.58E-02	6.62E-03	3.25E-03	1.42E-02
0.81	1936	3.73E-02	2.96E-02	4.34E-02	6.15E-03	3.13E-03	1.25E-02
0.82	1936	3.42E-02	2.70E-02	3.98E-02	5.25E-03	2.72E-03	1.08E-02
0.83	1936	3.06E-02	2.41E-02	3.56E-02	4.21E-03	2.21E-03	9.18E-03
0.84	1936	2.66E-02	2.09E-02	3.10E-02	3.21E-03	1.70E-03	7.67E-03
0.85	1936	2.25E-02	1.77E-02	2.63E-02	2.33E-03	1.24E-03	6.28E-03
0.86	1936	2.15E-02	1.67E-02	2.51E-02	2.32E-03	1.30E-03	5.36E-03
0.87	1936	1.92E-02	1.49E-02	2.25E-02	1.91E-03	1.09E-03	4.42E-03
0.88	1936	1.63E-02	1.26E-02	1.91E-02	1.39E-03	7.98E-04	3.53E-03
0.89	1936	1.32E-02	1.02E-02	1.55E-02	9.15E-04	5.31E-04	2.71E-03
0.9	1936	1.01E-02	7.82E-03	1.19E-02	5.52E-04	3.22E-04	2.00E-03
0.91	1936	9.00E-03	6.90E-03	1.06E-02	4.84E-04	2.92E-04	1.53E-03
0.92	1936	7.08E-03	5.42E-03	8.36E-03	3.08E-04	1.88E-04	1.09E-03
0.93	1936	5.01E-03	3.82E-03	5.92E-03	1.59E-04	9.76E-05	7.20E-04
0.94	1936	2.32E-03	1.77E-03	2.74E-03	4.61E-05	2.84E-05	3.32E-04
0.95	1936	9.32E-04	7.11E-04	1.10E-03	1.07E-05	6.59E-06	1.33E-04
0.96	1936	3.05E-04	2.33E-04	3.61E-04	1.79E-06	1.10E-06	4.36E-05
0.97	1936	7.25E-05	5.53E-05	8.56E-05	1.79E-07	1.10E-07	1.03E-05
0.98	1936	9.54E-06	7.28E-06	1.13E-05	6.97E-09	4.29E-09	1.36E-06
0.99	1936	2.98E-07	2.28E-07	3.52E-07	2.72E-11	1.67E-11	4.23E-08

